 >>>>       1           64
      0.00000     15.34713
      5.23330      0.00000      0.00000      2.00000      1.51670     -1.03587      0.01501      0.49327
      5.20504      0.47868      0.03124      2.00000      1.51735     -1.03224      0.02721      0.49154
      5.12080      0.95075      0.06249      2.00000      1.51930     -1.02766      0.02401      0.48936
      4.98208      1.40977      0.09374      2.00000      1.52211     -1.01999      0.02182      0.48571
      4.79136      1.84974      0.12498      2.00000      1.52645     -1.00939      0.01895      0.48066
      4.55194      2.26524      0.15623      2.00000      1.53192     -0.99598      0.01514      0.47428
      4.26780      2.65155      0.18747      2.00000      1.53850     -0.97979      0.01084      0.46657
      3.94346      3.00481      0.21872      2.00000      1.54611     -0.96098      0.00620      0.45761
      3.58380      3.32205      0.24997      2.00000      1.55466     -0.93981      0.00128      0.44753
      3.19385      3.60125      0.28122      2.00000      1.56401     -0.91648     -0.00305      0.43642
      2.77863      3.84130      0.31247      2.00000      1.57395     -0.89150     -0.00635      0.42453
      2.34298      4.04195      0.34372      2.00000      1.58414     -0.86570     -0.00811      0.41224
      1.89141      4.20366      0.37498      2.00000      1.59405     -0.84030     -0.00799      0.40014
      1.42799      4.32743      0.40623      2.00000      1.60302     -0.81704     -0.00612      0.38907
      0.95629      4.41453      0.43749      2.00000      1.61026     -0.79804     -0.00325      0.38002
      0.47939      4.46619      0.46874      2.00000      1.61497     -0.78552     -0.00078      0.37406
      0.00000      4.48330      0.50000      2.00000      1.61672     -0.78114      0.00033      0.37197
     -0.47939      4.46619      0.53126      2.00000      1.61497     -0.78552     -0.00078      0.37406
     -0.95629      4.41453      0.56251      2.00000      1.61026     -0.79804     -0.00325      0.38002
     -1.42799      4.32743      0.59377      2.00000      1.60302     -0.81704     -0.00612      0.38907
     -1.89141      4.20366      0.62502      2.00000      1.59405     -0.84030     -0.00799      0.40014
     -2.34298      4.04195      0.65628      2.00000      1.58414     -0.86570     -0.00811      0.41224
     -2.77863      3.84130      0.68753      2.00000      1.57395     -0.89150     -0.00635      0.42453
     -3.19385      3.60125      0.71878      2.00000      1.56401     -0.91648     -0.00305      0.43642
     -3.58380      3.32205      0.75003      2.00000      1.55466     -0.93981      0.00128      0.44753
     -3.94346      3.00481      0.78128      2.00000      1.54611     -0.96098      0.00620      0.45761
     -4.26780      2.65155      0.81253      2.00000      1.53850     -0.97979      0.01084      0.46657
     -4.55194      2.26524      0.84377      2.00000      1.53192     -0.99598      0.01514      0.47428
     -4.79136      1.84974      0.87502      2.00000      1.52645     -1.00939      0.01895      0.48066
     -4.98208      1.40977      0.90626      2.00000      1.52211     -1.01999      0.02182      0.48571
     -5.12080      0.95075      0.93751      2.00000      1.51930     -1.02766      0.02401      0.48936
     -5.20504      0.47868      0.96876      2.00000      1.51735     -1.03224      0.02721      0.49154
     -5.23330      0.00000      1.00000      2.00000      1.51670     -1.03587      0.01501      0.49327
     -5.20504     -0.47868      1.03124      2.00000      1.51735     -1.03224      0.02721      0.49154
     -5.12080     -0.95075      1.06249      2.00000      1.51930     -1.02766      0.02401      0.48936
     -4.98208     -1.40977      1.09374      2.00000      1.52211     -1.01999      0.02182      0.48571
     -4.79136     -1.84974      1.12498      2.00000      1.52645     -1.00939      0.01895      0.48066
     -4.55194     -2.26524      1.15623      2.00000      1.53192     -0.99598      0.01514      0.47428
     -4.26780     -2.65155      1.18747      2.00000      1.53850     -0.97979      0.01084      0.46657
     -3.94346     -3.00481      1.21872      2.00000      1.54611     -0.96098      0.00620      0.45761
     -3.58380     -3.32205      1.24997      2.00000      1.55466     -0.93981      0.00128      0.44753
     -3.19385     -3.60125      1.28122      2.00000      1.56401     -0.91648     -0.00305      0.43642
     -2.77863     -3.84130      1.31247      2.00000      1.57395     -0.89150     -0.00635      0.42453
     -2.34298     -4.04195      1.34372      2.00000      1.58414     -0.86570     -0.00811      0.41224
     -1.89141     -4.20366      1.37498      2.00000      1.59405     -0.84030     -0.00799      0.40014
     -1.42799     -4.32743      1.40623      2.00000      1.60302     -0.81704     -0.00612      0.38907
     -0.95629     -4.41453      1.43749      2.00000      1.61026     -0.79804     -0.00325      0.38002
     -0.47939     -4.46619      1.46874      2.00000      1.61497     -0.78552     -0.00078      0.37406
      0.00000     -4.48330      1.50000      2.00000      1.61672     -0.78114      0.00033      0.37197
      0.47939     -4.46619      1.53126      2.00000      1.61497     -0.78552     -0.00078      0.37406
      0.95629     -4.41453      1.56251      2.00000      1.61026     -0.79804     -0.00325      0.38002
      1.42799     -4.32743      1.59377      2.00000      1.60302     -0.81704     -0.00612      0.38907
      1.89141     -4.20366      1.62502      2.00000      1.59405     -0.84030     -0.00799      0.40014
      2.34298     -4.04195      1.65628      2.00000      1.58414     -0.86570     -0.00811      0.41224
      2.77863     -3.84130      1.68753      2.00000      1.57395     -0.89150     -0.00635      0.42453
      3.19385     -3.60125      1.71878      2.00000      1.56401     -0.91648     -0.00305      0.43642
      3.58380     -3.32205      1.75003      2.00000      1.55466     -0.93981      0.00128      0.44753
      3.94346     -3.00481      1.78128      2.00000      1.54611     -0.96098      0.00620      0.45761
      4.26780     -2.65155      1.81253      2.00000      1.53850     -0.97979      0.01084      0.46657
      4.55194     -2.26524      1.84377      2.00000      1.53192     -0.99598      0.01514      0.47428
      4.79136     -1.84974      1.87502      2.00000      1.52645     -1.00939      0.01895      0.48066
      4.98208     -1.40977      1.90626      2.00000      1.52211     -1.01999      0.02182      0.48571
      5.12080     -0.95075      1.93751      2.00000      1.51930     -1.02766      0.02401      0.48936
      5.20504     -0.47868      1.96876      2.00000      1.51735     -1.03224      0.02721      0.49154
      5.23330      0.00000      2.00000      2.00000      1.51670     -1.03587      0.01501      0.49327
 >>>>       2           64
     12.80000     15.76619
      5.57377      0.00000      0.00000      2.00000      1.48109     -1.12119      0.03432      0.53390
      5.54151      0.49155      0.03124      2.00000      1.48224     -1.11848      0.03385      0.53261
      5.44534      0.97468      0.06249      2.00000      1.48569     -1.10944      0.03246      0.52830
      5.28767      1.44138      0.09373      2.00000      1.49115     -1.09502      0.03020      0.52144
      5.07226      1.88440      0.12498      2.00000      1.49904     -1.07528      0.02719      0.51204
      4.80401      2.29758      0.15622      2.00000      1.50894     -1.05050      0.02353      0.50024
      4.48866      2.67604      0.18747      2.00000      1.52067     -1.02113      0.01940      0.48625
      4.13244      3.01634      0.21872      2.00000      1.53396     -0.98787      0.01494      0.47041
      3.74176      3.31646      0.24996      2.00000      1.54845     -0.95166      0.01034      0.45317
      3.32282      3.57575      0.28121      2.00000      1.56367     -0.91370      0.00578      0.43509
      2.88144      3.79468      0.31246      2.00000      1.57905     -0.87545      0.00141      0.41688
      2.42275      3.97465      0.34372      2.00000      1.59391     -0.83859     -0.00259      0.39933
      1.95118      4.11761      0.37497      2.00000      1.60750     -0.80493     -0.00609      0.38330
      1.47041      4.22576      0.40623      2.00000      1.61908     -0.77633     -0.00896      0.36968
      0.98342      4.30122      0.43748      2.00000      1.62794     -0.75449     -0.01108      0.35928
      0.49261      4.34573      0.46874      2.00000      1.63343     -0.74077     -0.01239      0.35275
      0.00000      4.36044      0.50000      2.00000      1.63560     -0.73616     -0.01283      0.35055
     -0.49261      4.34573      0.53126      2.00000      1.63343     -0.74077     -0.01239      0.35275
     -0.98342      4.30122      0.56252      2.00000      1.62794     -0.75449     -0.01108      0.35928
     -1.47041      4.22576      0.59377      2.00000      1.61908     -0.77633     -0.00896      0.36968
     -1.95118      4.11761      0.62503      2.00000      1.60750     -0.80493     -0.00609      0.38330
     -2.42275      3.97465      0.65628      2.00000      1.59391     -0.83859     -0.00259      0.39933
     -2.88144      3.79468      0.68754      2.00000      1.57905     -0.87545      0.00141      0.41688
     -3.32282      3.57575      0.71879      2.00000      1.56367     -0.91370      0.00578      0.43509
     -3.74176      3.31646      0.75004      2.00000      1.54845     -0.95166      0.01034      0.45317
     -4.13244      3.01634      0.78128      2.00000      1.53396     -0.98787      0.01494      0.47041
     -4.48866      2.67604      0.81253      2.00000      1.52067     -1.02113      0.01940      0.48625
     -4.80401      2.29758      0.84378      2.00000      1.50894     -1.05050      0.02353      0.50024
     -5.07226      1.88440      0.87502      2.00000      1.49904     -1.07528      0.02719      0.51204
     -5.28767      1.44138      0.90627      2.00000      1.49115     -1.09502      0.03020      0.52144
     -5.44534      0.97468      0.93751      2.00000      1.48569     -1.10944      0.03246      0.52830
     -5.54151      0.49155      0.96876      2.00000      1.48224     -1.11848      0.03385      0.53261
     -5.57377      0.00000      1.00000      2.00000      1.48109     -1.12119      0.03432      0.53390
     -5.54151     -0.49155      1.03124      2.00000      1.48224     -1.11848      0.03385      0.53261
     -5.44534     -0.97468      1.06249      2.00000      1.48569     -1.10944      0.03246      0.52830
     -5.28767     -1.44138      1.09373      2.00000      1.49115     -1.09502      0.03020      0.52144
     -5.07226     -1.88440      1.12498      2.00000      1.49904     -1.07528      0.02719      0.51204
     -4.80401     -2.29758      1.15622      2.00000      1.50894     -1.05050      0.02353      0.50024
     -4.48866     -2.67604      1.18747      2.00000      1.52067     -1.02113      0.01940      0.48625
     -4.13244     -3.01634      1.21872      2.00000      1.53396     -0.98787      0.01494      0.47041
     -3.74176     -3.31646      1.24996      2.00000      1.54845     -0.95166      0.01034      0.45317
     -3.32282     -3.57575      1.28121      2.00000      1.56367     -0.91370      0.00578      0.43509
     -2.88144     -3.79468      1.31246      2.00000      1.57905     -0.87545      0.00141      0.41688
     -2.42275     -3.97465      1.34372      2.00000      1.59391     -0.83859     -0.00259      0.39933
     -1.95118     -4.11761      1.37497      2.00000      1.60750     -0.80493     -0.00609      0.38330
     -1.47041     -4.22576      1.40623      2.00000      1.61908     -0.77633     -0.00896      0.36968
     -0.98342     -4.30122      1.43748      2.00000      1.62794     -0.75449     -0.01108      0.35928
     -0.49261     -4.34573      1.46874      2.00000      1.63343     -0.74077     -0.01239      0.35275
      0.00000     -4.36044      1.50000      2.00000      1.63560     -0.73616     -0.01283      0.35055
      0.49261     -4.34573      1.53126      2.00000      1.63343     -0.74077     -0.01239      0.35275
      0.98342     -4.30122      1.56252      2.00000      1.62794     -0.75449     -0.01108      0.35928
      1.47041     -4.22576      1.59377      2.00000      1.61908     -0.77633     -0.00896      0.36968
      1.95118     -4.11761      1.62503      2.00000      1.60750     -0.80493     -0.00609      0.38330
      2.42275     -3.97465      1.65628      2.00000      1.59391     -0.83859     -0.00259      0.39933
      2.88144     -3.79468      1.68754      2.00000      1.57905     -0.87545      0.00141      0.41688
      3.32282     -3.57575      1.71879      2.00000      1.56367     -0.91370      0.00578      0.43509
      3.74176     -3.31646      1.75004      2.00000      1.54845     -0.95166      0.01034      0.45317
      4.13244     -3.01634      1.78128      2.00000      1.53396     -0.98787      0.01494      0.47041
      4.48866     -2.67604      1.81253      2.00000      1.52067     -1.02113      0.01940      0.48625
      4.80401     -2.29758      1.84378      2.00000      1.50894     -1.05050      0.02353      0.50024
      5.07226     -1.88440      1.87502      2.00000      1.49904     -1.07528      0.02719      0.51204
      5.28767     -1.44138      1.90627      2.00000      1.49115     -1.09502      0.03020      0.52144
      5.44534     -0.97468      1.93751      2.00000      1.48569     -1.10944      0.03246      0.52830
      5.54151     -0.49155      1.96876      2.00000      1.48224     -1.11848      0.03385      0.53261
      5.57377      0.00000      2.00000      2.00000      1.48109     -1.12119      0.03432      0.53390
 >>>>       3           64
     25.60000     16.71089
      6.20268      0.00000      0.00000      2.00000      1.44696     -1.20035      0.06824      0.57159
      6.16394      0.52068      0.03124      2.00000      1.44835     -1.19722      0.06732      0.57010
      6.04856      1.02988      0.06249      2.00000      1.45252     -1.18611      0.06459      0.56481
      5.86016      1.51679      0.09373      2.00000      1.45929     -1.16860      0.06018      0.55647
      5.60426      1.97186      0.12497      2.00000      1.46913     -1.14415      0.05429      0.54483
      5.28801      2.38724      0.15621      2.00000      1.48181     -1.11265      0.04718      0.52983
      4.91968      2.75723      0.18746      2.00000      1.49727     -1.07418      0.03915      0.51152
      4.50811      3.07844      0.21870      2.00000      1.51537     -1.02915      0.03054      0.49007
      4.06210      3.34987      0.24994      2.00000      1.53582     -0.97832      0.02168      0.46587
      3.58990      3.57271      0.28119      2.00000      1.55811     -0.92303      0.01292      0.43954
      3.09875      3.75009      0.31244      2.00000      1.58145     -0.86519      0.00456      0.41199
      2.59462      3.88655      0.34369      2.00000      1.60480     -0.80740     -0.00310      0.38448
      2.08213      3.98749      0.37495      2.00000      1.62685     -0.75286     -0.00980      0.35851
      1.56460      4.05855      0.40621      2.00000      1.64615     -0.70513     -0.01530      0.33578
      1.04423      4.10496      0.43747      2.00000      1.66124     -0.66780     -0.01939      0.31800
      0.52241      4.13097      0.46873      2.00000      1.67069     -0.64398     -0.02192      0.30666
      0.00000      4.13933      0.50000      2.00000      1.67468     -0.63596     -0.02277      0.30284
     -0.52241      4.13097      0.53127      2.00000      1.67069     -0.64398     -0.02192      0.30666
     -1.04423      4.10496      0.56253      2.00000      1.66124     -0.66780     -0.01939      0.31800
     -1.56460      4.05855      0.59379      2.00000      1.64615     -0.70513     -0.01530      0.33578
     -2.08213      3.98749      0.62505      2.00000      1.62685     -0.75286     -0.00980      0.35851
     -2.59462      3.88655      0.65631      2.00000      1.60480     -0.80740     -0.00310      0.38448
     -3.09875      3.75009      0.68756      2.00000      1.58145     -0.86519      0.00456      0.41199
     -3.58990      3.57271      0.71881      2.00000      1.55811     -0.92303      0.01292      0.43954
     -4.06210      3.34987      0.75006      2.00000      1.53582     -0.97832      0.02168      0.46587
     -4.50811      3.07844      0.78130      2.00000      1.51537     -1.02915      0.03054      0.49007
     -4.91968      2.75723      0.81254      2.00000      1.49727     -1.07418      0.03915      0.51152
     -5.28801      2.38724      0.84379      2.00000      1.48181     -1.11265      0.04718      0.52983
     -5.60426      1.97186      0.87503      2.00000      1.46913     -1.14415      0.05429      0.54483
     -5.86016      1.51679      0.90627      2.00000      1.45929     -1.16860      0.06018      0.55647
     -6.04856      1.02988      0.93751      2.00000      1.45252     -1.18611      0.06459      0.56481
     -6.16394      0.52068      0.96876      2.00000      1.44835     -1.19722      0.06732      0.57010
     -6.20268      0.00000      1.00000      2.00000      1.44696     -1.20035      0.06824      0.57159
     -6.16394     -0.52068      1.03124      2.00000      1.44835     -1.19722      0.06732      0.57010
     -6.04856     -1.02988      1.06249      2.00000      1.45252     -1.18611      0.06459      0.56481
     -5.86016     -1.51679      1.09373      2.00000      1.45929     -1.16860      0.06018      0.55647
     -5.60426     -1.97186      1.12497      2.00000      1.46913     -1.14415      0.05429      0.54483
     -5.28801     -2.38724      1.15621      2.00000      1.48181     -1.11265      0.04718      0.52983
     -4.91968     -2.75723      1.18746      2.00000      1.49727     -1.07418      0.03915      0.51152
     -4.50811     -3.07844      1.21870      2.00000      1.51537     -1.02915      0.03054      0.49007
     -4.06210     -3.34987      1.24994      2.00000      1.53582     -0.97832      0.02168      0.46587
     -3.58990     -3.57271      1.28119      2.00000      1.55811     -0.92303      0.01292      0.43954
     -3.09875     -3.75009      1.31244      2.00000      1.58145     -0.86519      0.00456      0.41199
     -2.59462     -3.88655      1.34369      2.00000      1.60480     -0.80740     -0.00310      0.38448
     -2.08213     -3.98749      1.37495      2.00000      1.62685     -0.75286     -0.00980      0.35851
     -1.56460     -4.05855      1.40621      2.00000      1.64615     -0.70513     -0.01530      0.33578
     -1.04423     -4.10496      1.43747      2.00000      1.66124     -0.66780     -0.01939      0.31800
     -0.52241     -4.13097      1.46873      2.00000      1.67069     -0.64398     -0.02192      0.30666
      0.00000     -4.13933      1.50000      2.00000      1.67468     -0.63596     -0.02277      0.30284
      0.52241     -4.13097      1.53127      2.00000      1.67069     -0.64398     -0.02192      0.30666
      1.04423     -4.10496      1.56253      2.00000      1.66124     -0.66780     -0.01939      0.31800
      1.56460     -4.05855      1.59379      2.00000      1.64615     -0.70513     -0.01530      0.33578
      2.08213     -3.98749      1.62505      2.00000      1.62685     -0.75286     -0.00980      0.35851
      2.59462     -3.88655      1.65631      2.00000      1.60480     -0.80740     -0.00310      0.38448
      3.09875     -3.75009      1.68756      2.00000      1.58145     -0.86519      0.00456      0.41199
      3.58990     -3.57271      1.71881      2.00000      1.55811     -0.92303      0.01292      0.43954
      4.06210     -3.34987      1.75006      2.00000      1.53582     -0.97832      0.02168      0.46587
      4.50811     -3.07844      1.78130      2.00000      1.51537     -1.02915      0.03054      0.49007
      4.91968     -2.75723      1.81254      2.00000      1.49727     -1.07418      0.03915      0.51152
      5.28801     -2.38724      1.84379      2.00000      1.48181     -1.11265      0.04718      0.52983
      5.60426     -1.97186      1.87503      2.00000      1.46913     -1.14415      0.05429      0.54483
      5.86016     -1.51679      1.90627      2.00000      1.45929     -1.16860      0.06018      0.55647
      6.04856     -1.02988      1.93751      2.00000      1.45252     -1.18611      0.06459      0.56481
      6.16394     -0.52068      1.96876      2.00000      1.44835     -1.19722      0.06732      0.57010
      6.20268      0.00000      2.00000      2.00000      1.44696     -1.20035      0.06824      0.57159
 >>>>       4           64
     38.40000     18.94413
      7.41850      0.00000      0.00000      2.00000      1.43463     -1.22209      0.12197      0.58195
      7.36791      0.58967      0.03124      2.00000      1.43587     -1.21989      0.12032      0.58090
      7.21740      1.16200      0.06248      2.00000      1.43960     -1.20983      0.11541      0.57611
      6.97267      1.70077      0.09372      2.00000      1.44562     -1.19483      0.10749      0.56897
      6.64229      2.19162      0.12495      2.00000      1.45474     -1.17287      0.09693      0.55851
      6.23742      2.62301      0.15618      2.00000      1.46715     -1.14280      0.08421      0.54419
      5.77099      2.98688      0.18741      2.00000      1.48323     -1.10351      0.06990      0.52548
      5.25672      3.27922      0.21863      2.00000      1.50332     -1.05412      0.05467      0.50196
      4.70796      3.50026      0.24986      2.00000      1.52754     -0.99425      0.03916      0.47345
      4.13665      3.65433      0.28110      2.00000      1.55567     -0.92438      0.02401      0.44018
      3.55245      3.74948      0.31234      2.00000      1.58696     -0.84623      0.00977      0.40296
      2.96221      3.79665      0.34360      2.00000      1.62001     -0.76306     -0.00312      0.36336
      2.37000      3.80872      0.37486      2.00000      1.65273     -0.67991     -0.01429      0.32377
      1.77756      3.79932      0.40614      2.00000      1.68247     -0.60345     -0.02343      0.28736
      1.18519      3.78142      0.43743      2.00000      1.70637     -0.54120     -0.03024      0.25772
      0.59269      3.76584      0.46871      2.00000      1.72143     -0.50037     -0.03446      0.23827
      0.00000      3.75982      0.50000      2.00000      1.72850     -0.48660     -0.03589      0.23172
     -0.59269      3.76584      0.53129      2.00000      1.72143     -0.50037     -0.03446      0.23827
     -1.18519      3.78142      0.56257      2.00000      1.70637     -0.54120     -0.03024      0.25772
     -1.77756      3.79932      0.59386      2.00000      1.68247     -0.60345     -0.02343      0.28736
     -2.37000      3.80872      0.62514      2.00000      1.65273     -0.67991     -0.01429      0.32377
     -2.96221      3.79665      0.65640      2.00000      1.62001     -0.76306     -0.00312      0.36336
     -3.55245      3.74948      0.68766      2.00000      1.58696     -0.84623      0.00977      0.40296
     -4.13665      3.65433      0.71890      2.00000      1.55567     -0.92438      0.02401      0.44018
     -4.70796      3.50026      0.75014      2.00000      1.52754     -0.99425      0.03916      0.47345
     -5.25672      3.27922      0.78137      2.00000      1.50332     -1.05412      0.05467      0.50196
     -5.77099      2.98688      0.81259      2.00000      1.48323     -1.10351      0.06990      0.52548
     -6.23742      2.62301      0.84382      2.00000      1.46715     -1.14280      0.08421      0.54419
     -6.64229      2.19162      0.87505      2.00000      1.45474     -1.17287      0.09693      0.55851
     -6.97267      1.70077      0.90628      2.00000      1.44562     -1.19483      0.10749      0.56897
     -7.21740      1.16200      0.93752      2.00000      1.43960     -1.20983      0.11541      0.57611
     -7.36791      0.58967      0.96876      2.00000      1.43587     -1.21989      0.12032      0.58090
     -7.41850      0.00000      1.00000      2.00000      1.43463     -1.22209      0.12197      0.58195
     -7.36791     -0.58967      1.03124      2.00000      1.43587     -1.21989      0.12032      0.58090
     -7.21740     -1.16200      1.06248      2.00000      1.43960     -1.20983      0.11541      0.57611
     -6.97267     -1.70077      1.09372      2.00000      1.44562     -1.19483      0.10749      0.56897
     -6.64229     -2.19162      1.12495      2.00000      1.45474     -1.17287      0.09693      0.55851
     -6.23742     -2.62301      1.15618      2.00000      1.46715     -1.14280      0.08421      0.54419
     -5.77099     -2.98688      1.18741      2.00000      1.48323     -1.10351      0.06990      0.52548
     -5.25672     -3.27922      1.21863      2.00000      1.50332     -1.05412      0.05467      0.50196
     -4.70796     -3.50026      1.24986      2.00000      1.52754     -0.99425      0.03916      0.47345
     -4.13665     -3.65433      1.28110      2.00000      1.55567     -0.92438      0.02401      0.44018
     -3.55245     -3.74948      1.31234      2.00000      1.58696     -0.84623      0.00977      0.40296
     -2.96221     -3.79665      1.34360      2.00000      1.62001     -0.76306     -0.00312      0.36336
     -2.37000     -3.80872      1.37486      2.00000      1.65273     -0.67991     -0.01429      0.32377
     -1.77756     -3.79932      1.40614      2.00000      1.68247     -0.60345     -0.02343      0.28736
     -1.18519     -3.78142      1.43743      2.00000      1.70637     -0.54120     -0.03024      0.25772
     -0.59269     -3.76584      1.46871      2.00000      1.72143     -0.50037     -0.03446      0.23827
      0.00000     -3.75982      1.50000      2.00000      1.72850     -0.48660     -0.03589      0.23172
      0.59269     -3.76584      1.53129      2.00000      1.72143     -0.50037     -0.03446      0.23827
      1.18519     -3.78142      1.56257      2.00000      1.70637     -0.54120     -0.03024      0.25772
      1.77756     -3.79932      1.59386      2.00000      1.68247     -0.60345     -0.02343      0.28736
      2.37000     -3.80872      1.62514      2.00000      1.65273     -0.67991     -0.01429      0.32377
      2.96221     -3.79665      1.65640      2.00000      1.62001     -0.76306     -0.00312      0.36336
      3.55245     -3.74948      1.68766      2.00000      1.58696     -0.84623      0.00977      0.40296
      4.13665     -3.65433      1.71890      2.00000      1.55567     -0.92438      0.02401      0.44018
      4.70796     -3.50026      1.75014      2.00000      1.52754     -0.99425      0.03916      0.47345
      5.25672     -3.27922      1.78137      2.00000      1.50332     -1.05412      0.05467      0.50196
      5.77099     -2.98688      1.81259      2.00000      1.48323     -1.10351      0.06990      0.52548
      6.23742     -2.62301      1.84382      2.00000      1.46715     -1.14280      0.08421      0.54419
      6.64229     -2.19162      1.87505      2.00000      1.45474     -1.17287      0.09693      0.55851
      6.97267     -1.70077      1.90628      2.00000      1.44562     -1.19483      0.10749      0.56897
      7.21740     -1.16200      1.93752      2.00000      1.43960     -1.20983      0.11541      0.57611
      7.36791     -0.58967      1.96876      2.00000      1.43587     -1.21989      0.12032      0.58090
      7.41850      0.00000      2.00000      2.00000      1.43463     -1.22209      0.12197      0.58195
 >>>>       5           64
     51.20000     22.64909
      9.15122      0.00000      0.00000      2.00000      1.46318     -1.14982      0.13876      0.54753
      9.08334      0.70419      0.03124      2.00000      1.46412     -1.14949      0.13654      0.54738
      8.88150      1.38211      0.06247      2.00000      1.46697     -1.14181      0.12992      0.54372
      8.55469      2.00933      0.09369      2.00000      1.47083     -1.13258      0.11930      0.53933
      8.11614      2.56398      0.12491      2.00000      1.47740     -1.11729      0.10521      0.53205
      7.58339      3.02857      0.15612      2.00000      1.48739     -1.09370      0.08843      0.52081
      6.97694      3.39134      0.18732      2.00000      1.50167     -1.05936      0.06996      0.50446
      6.31841      3.64736      0.21852      2.00000      1.52100     -1.01225      0.05094      0.48202
      5.62831      3.79908      0.24971      2.00000      1.54578     -0.95124      0.03254      0.45297
      4.92377      3.85612      0.28092      2.00000      1.57569     -0.87672      0.01580      0.41749
      4.21675      3.83433      0.31215      2.00000      1.60948     -0.79116      0.00151      0.37674
      3.51324      3.75432      0.34341      2.00000      1.64479     -0.69950     -0.00991      0.33309
      2.81382      3.63982      0.37471      2.00000      1.67831     -0.60902     -0.01839      0.29001
      2.11551      3.51573      0.40602      2.00000      1.70653     -0.52829     -0.02420      0.25157
      1.41454      3.40597      0.43735      2.00000      1.72693     -0.46530     -0.02780      0.22157
      0.70899      3.33089      0.46867      2.00000      1.73784     -0.42578     -0.02968      0.20275
      0.00000      3.30431      0.50000      2.00000      1.74494     -0.41345     -0.03026      0.19688
     -0.70899      3.33089      0.53133      2.00000      1.73784     -0.42578     -0.02968      0.20275
     -1.41454      3.40597      0.56265      2.00000      1.72693     -0.46530     -0.02780      0.22157
     -2.11551      3.51573      0.59398      2.00000      1.70653     -0.52829     -0.02420      0.25157
     -2.81382      3.63982      0.62529      2.00000      1.67831     -0.60902     -0.01839      0.29001
     -3.51324      3.75432      0.65659      2.00000      1.64479     -0.69950     -0.00991      0.33309
     -4.21675      3.83433      0.68785      2.00000      1.60948     -0.79116      0.00151      0.37674
     -4.92377      3.85612      0.71908      2.00000      1.57569     -0.87672      0.01580      0.41749
     -5.62831      3.79908      0.75029      2.00000      1.54578     -0.95124      0.03254      0.45297
     -6.31841      3.64736      0.78148      2.00000      1.52100     -1.01225      0.05094      0.48202
     -6.97694      3.39134      0.81268      2.00000      1.50167     -1.05936      0.06996      0.50446
     -7.58339      3.02857      0.84388      2.00000      1.48739     -1.09370      0.08843      0.52081
     -8.11614      2.56398      0.87509      2.00000      1.47740     -1.11729      0.10521      0.53205
     -8.55469      2.00933      0.90631      2.00000      1.47083     -1.13258      0.11930      0.53933
     -8.88150      1.38211      0.93753      2.00000      1.46697     -1.14181      0.12992      0.54372
     -9.08334      0.70419      0.96876      2.00000      1.46412     -1.14949      0.13654      0.54738
     -9.15122      0.00000      1.00000      2.00000      1.46318     -1.14982      0.13876      0.54753
     -9.08334     -0.70419      1.03124      2.00000      1.46412     -1.14949      0.13654      0.54738
     -8.88150     -1.38211      1.06247      2.00000      1.46697     -1.14181      0.12992      0.54372
     -8.55469     -2.00933      1.09369      2.00000      1.47083     -1.13258      0.11930      0.53933
     -8.11614     -2.56398      1.12491      2.00000      1.47740     -1.11729      0.10521      0.53205
     -7.58339     -3.02857      1.15612      2.00000      1.48739     -1.09370      0.08843      0.52081
     -6.97694     -3.39134      1.18732      2.00000      1.50167     -1.05936      0.06996      0.50446
     -6.31841     -3.64736      1.21852      2.00000      1.52100     -1.01225      0.05094      0.48202
     -5.62831     -3.79908      1.24971      2.00000      1.54578     -0.95124      0.03254      0.45297
     -4.92377     -3.85612      1.28092      2.00000      1.57569     -0.87672      0.01580      0.41749
     -4.21675     -3.83433      1.31215      2.00000      1.60948     -0.79116      0.00151      0.37674
     -3.51324     -3.75432      1.34341      2.00000      1.64479     -0.69950     -0.00991      0.33309
     -2.81382     -3.63982      1.37471      2.00000      1.67831     -0.60902     -0.01839      0.29001
     -2.11551     -3.51573      1.40602      2.00000      1.70653     -0.52829     -0.02420      0.25157
     -1.41454     -3.40597      1.43735      2.00000      1.72693     -0.46530     -0.02780      0.22157
     -0.70899     -3.33089      1.46867      2.00000      1.73784     -0.42578     -0.02968      0.20275
      0.00000     -3.30431      1.50000      2.00000      1.74494     -0.41345     -0.03026      0.19688
      0.70899     -3.33089      1.53133      2.00000      1.73784     -0.42578     -0.02968      0.20275
      1.41454     -3.40597      1.56265      2.00000      1.72693     -0.46530     -0.02780      0.22157
      2.11551     -3.51573      1.59398      2.00000      1.70653     -0.52829     -0.02420      0.25157
      2.81382     -3.63982      1.62529      2.00000      1.67831     -0.60902     -0.01839      0.29001
      3.51324     -3.75432      1.65659      2.00000      1.64479     -0.69950     -0.00991      0.33309
      4.21675     -3.83433      1.68785      2.00000      1.60948     -0.79116      0.00151      0.37674
      4.92377     -3.85612      1.71908      2.00000      1.57569     -0.87672      0.01580      0.41749
      5.62831     -3.79908      1.75029      2.00000      1.54578     -0.95124      0.03254      0.45297
      6.31841     -3.64736      1.78148      2.00000      1.52100     -1.01225      0.05094      0.48202
      6.97694     -3.39134      1.81268      2.00000      1.50167     -1.05936      0.06996      0.50446
      7.58339     -3.02857      1.84388      2.00000      1.48739     -1.09370      0.08843      0.52081
      8.11614     -2.56398      1.87509      2.00000      1.47740     -1.11729      0.10521      0.53205
      8.55469     -2.00933      1.90631      2.00000      1.47083     -1.13258      0.11930      0.53933
      8.88150     -1.38211      1.93753      2.00000      1.46697     -1.14181      0.12992      0.54372
      9.08334     -0.70419      1.96876      2.00000      1.46412     -1.14949      0.13654      0.54738
      9.15122      0.00000      2.00000      2.00000      1.46318     -1.14982      0.13876      0.54753
 >>>>       6           64
     64.00000     26.23782
     10.85038      0.00000      0.00000      2.00000      1.47731     -1.11818      0.12797      0.53247
     10.76204      0.81466      0.03123      2.00000      1.47860     -1.11858      0.12495      0.53265
     10.49984      1.59075      0.06245      2.00000      1.48246     -1.10803      0.11601      0.52763
     10.07876      2.29331      0.09367      2.00000      1.48704     -1.09739      0.10193      0.52257
      9.52006      2.89176      0.12487      2.00000      1.49523     -1.07773      0.08372      0.51320
      8.85165      3.36371      0.15606      2.00000      1.50830     -1.04625      0.06292      0.49821
      8.10506      3.69726      0.18722      2.00000      1.52724     -0.99997      0.04137      0.47618
      7.31135      3.89250      0.21838      2.00000      1.55246     -0.93781      0.02105      0.44658
      6.49682      3.96125      0.24953      2.00000      1.58321     -0.86134      0.00374      0.41016
      5.67958      3.92497      0.28071      2.00000      1.61720     -0.77556     -0.00924      0.36931
      4.86827      3.81161      0.31193      2.00000      1.65053     -0.68890     -0.01723      0.32805
      4.06329      3.65208      0.34321      2.00000      1.67844     -0.61193     -0.02029      0.29139
      3.26020      3.47687      0.37454      2.00000      1.69692     -0.55413     -0.01924      0.26387
      2.45382      3.31311      0.40590      2.00000      1.70471     -0.51994     -0.01552      0.24759
      1.64117      3.18218      0.43727      2.00000      1.70432     -0.50636     -0.01097      0.24113
      0.82238      3.09853      0.46864      2.00000      1.69971     -0.50469     -0.00736      0.24033
      0.00000      3.07001      0.50000      2.00000      1.70199     -0.50690     -0.00600      0.24138
     -0.82238      3.09853      0.53136      2.00000      1.69971     -0.50469     -0.00736      0.24033
     -1.64117      3.18218      0.56273      2.00000      1.70432     -0.50636     -0.01097      0.24113
     -2.45382      3.31311      0.59410      2.00000      1.70471     -0.51994     -0.01552      0.24759
     -3.26020      3.47687      0.62546      2.00000      1.69692     -0.55413     -0.01924      0.26387
     -4.06329      3.65208      0.65679      2.00000      1.67844     -0.61193     -0.02029      0.29139
     -4.86827      3.81161      0.68807      2.00000      1.65053     -0.68890     -0.01723      0.32805
     -5.67958      3.92497      0.71929      2.00000      1.61720     -0.77556     -0.00924      0.36931
     -6.49682      3.96125      0.75047      2.00000      1.58321     -0.86134      0.00374      0.41016
     -7.31135      3.89250      0.78162      2.00000      1.55246     -0.93781      0.02105      0.44658
     -8.10506      3.69726      0.81278      2.00000      1.52724     -0.99997      0.04137      0.47618
     -8.85165      3.36371      0.84394      2.00000      1.50830     -1.04625      0.06292      0.49821
     -9.52006      2.89176      0.87513      2.00000      1.49523     -1.07773      0.08372      0.51320
    -10.07876      2.29331      0.90633      2.00000      1.48704     -1.09739      0.10193      0.52257
    -10.49984      1.59075      0.93755      2.00000      1.48246     -1.10803      0.11601      0.52763
    -10.76204      0.81466      0.96877      2.00000      1.47860     -1.11858      0.12495      0.53265
    -10.85038      0.00000      1.00000      2.00000      1.47731     -1.11818      0.12797      0.53247
    -10.76204     -0.81466      1.03123      2.00000      1.47860     -1.11858      0.12495      0.53265
    -10.49984     -1.59075      1.06245      2.00000      1.48246     -1.10803      0.11601      0.52763
    -10.07876     -2.29331      1.09367      2.00000      1.48704     -1.09739      0.10193      0.52257
     -9.52006     -2.89176      1.12487      2.00000      1.49523     -1.07773      0.08372      0.51320
     -8.85165     -3.36371      1.15606      2.00000      1.50830     -1.04625      0.06292      0.49821
     -8.10506     -3.69726      1.18722      2.00000      1.52724     -0.99997      0.04137      0.47618
     -7.31135     -3.89250      1.21838      2.00000      1.55246     -0.93781      0.02105      0.44658
     -6.49682     -3.96125      1.24953      2.00000      1.58321     -0.86134      0.00374      0.41016
     -5.67958     -3.92497      1.28071      2.00000      1.61720     -0.77556     -0.00924      0.36931
     -4.86827     -3.81161      1.31193      2.00000      1.65053     -0.68890     -0.01723      0.32805
     -4.06329     -3.65208      1.34321      2.00000      1.67844     -0.61193     -0.02029      0.29139
     -3.26020     -3.47687      1.37454      2.00000      1.69692     -0.55413     -0.01924      0.26387
     -2.45382     -3.31311      1.40590      2.00000      1.70471     -0.51994     -0.01552      0.24759
     -1.64117     -3.18218      1.43727      2.00000      1.70432     -0.50636     -0.01097      0.24113
     -0.82238     -3.09853      1.46864      2.00000      1.69971     -0.50469     -0.00736      0.24033
      0.00000     -3.07001      1.50000      2.00000      1.70199     -0.50690     -0.00600      0.24138
      0.82238     -3.09853      1.53136      2.00000      1.69971     -0.50469     -0.00736      0.24033
      1.64117     -3.18218      1.56273      2.00000      1.70432     -0.50636     -0.01097      0.24113
      2.45382     -3.31311      1.59410      2.00000      1.70471     -0.51994     -0.01552      0.24759
      3.26020     -3.47687      1.62546      2.00000      1.69692     -0.55413     -0.01924      0.26387
      4.06329     -3.65208      1.65679      2.00000      1.67844     -0.61193     -0.02029      0.29139
      4.86827     -3.81161      1.68807      2.00000      1.65053     -0.68890     -0.01723      0.32805
      5.67958     -3.92497      1.71929      2.00000      1.61720     -0.77556     -0.00924      0.36931
      6.49682     -3.96125      1.75047      2.00000      1.58321     -0.86134      0.00374      0.41016
      7.31135     -3.89250      1.78162      2.00000      1.55246     -0.93781      0.02105      0.44658
      8.10506     -3.69726      1.81278      2.00000      1.52724     -0.99997      0.04137      0.47618
      8.85165     -3.36371      1.84394      2.00000      1.50830     -1.04625      0.06292      0.49821
      9.52006     -2.89176      1.87513      2.00000      1.49523     -1.07773      0.08372      0.51320
     10.07876     -2.29331      1.90633      2.00000      1.48704     -1.09739      0.10193      0.52257
     10.49984     -1.59075      1.93755      2.00000      1.48246     -1.10803      0.11601      0.52763
     10.76204     -0.81466      1.96877      2.00000      1.47860     -1.11858      0.12495      0.53265
     10.85038      0.00000      2.00000      2.00000      1.47731     -1.11818      0.12797      0.53247
 >>>>       7           64
     76.80000     29.42844
     12.50825      0.00000      0.00000      2.00000      1.46552     -1.14854      0.13403      0.54693
     12.39454      0.91195      0.03123      2.00000      1.46783     -1.14841      0.12961      0.54686
     12.05852      1.76671      0.06244      2.00000      1.47476     -1.12834      0.11666      0.53730
     11.52676      2.51541      0.09364      2.00000      1.48334     -1.10896      0.09684      0.52807
     10.83480      3.11780      0.12482      2.00000      1.49789     -1.07255      0.07220      0.51074
     10.02728      3.55099      0.15596      2.00000      1.52009     -1.01792      0.04567      0.48472
      9.14978      3.81161      0.18706      2.00000      1.55017     -0.94320      0.02044      0.44914
      8.24076      3.91572      0.21815      2.00000      1.58678     -0.85193     -0.00066      0.40568
      7.32548      3.89445      0.24926      2.00000      1.62601     -0.75295     -0.01565      0.35855
      6.41464      3.78750      0.28043      2.00000      1.66180     -0.65993     -0.02364      0.31425
      5.50787      3.63614      0.31167      2.00000      1.68763     -0.58805     -0.02490      0.28002
      4.60016      3.47693      0.34298      2.00000      1.69943     -0.54810     -0.02073      0.26100
      3.68757      3.33658      0.37436      2.00000      1.69775     -0.54120     -0.01322      0.25771
      2.76952      3.22931      0.40577      2.00000      1.68731     -0.55821     -0.00475      0.26581
      1.84771      3.15806      0.43718      2.00000      1.67447     -0.58456      0.00262      0.27836
      0.92413      3.11900      0.46859      2.00000      1.66353     -0.60664      0.00751      0.28888
      0.00000      3.10694      0.50000      2.00000      1.66384     -0.61660      0.00921      0.29362
     -0.92413      3.11900      0.53141      2.00000      1.66353     -0.60664      0.00751      0.28888
     -1.84771      3.15806      0.56282      2.00000      1.67447     -0.58456      0.00262      0.27836
     -2.76952      3.22931      0.59423      2.00000      1.68731     -0.55821     -0.00475      0.26581
     -3.68757      3.33658      0.62564      2.00000      1.69775     -0.54120     -0.01322      0.25771
     -4.60016      3.47693      0.65702      2.00000      1.69943     -0.54810     -0.02073      0.26100
     -5.50787      3.63614      0.68833      2.00000      1.68763     -0.58805     -0.02490      0.28002
     -6.41464      3.78750      0.71957      2.00000      1.66180     -0.65993     -0.02364      0.31425
     -7.32548      3.89445      0.75074      2.00000      1.62601     -0.75295     -0.01565      0.35855
     -8.24076      3.91572      0.78185      2.00000      1.58678     -0.85193     -0.00066      0.40568
     -9.14978      3.81161      0.81294      2.00000      1.55017     -0.94320      0.02044      0.44914
    -10.02728      3.55099      0.84404      2.00000      1.52009     -1.01792      0.04567      0.48472
    -10.83480      3.11780      0.87518      2.00000      1.49789     -1.07255      0.07220      0.51074
    -11.52676      2.51541      0.90636      2.00000      1.48334     -1.10896      0.09684      0.52807
    -12.05852      1.76671      0.93756      2.00000      1.47476     -1.12834      0.11666      0.53730
    -12.39454      0.91195      0.96877      2.00000      1.46783     -1.14841      0.12961      0.54686
    -12.50825      0.00000      1.00000      2.00000      1.46552     -1.14854      0.13403      0.54693
    -12.39454     -0.91195      1.03123      2.00000      1.46783     -1.14841      0.12961      0.54686
    -12.05852     -1.76671      1.06244      2.00000      1.47476     -1.12834      0.11666      0.53730
    -11.52676     -2.51541      1.09364      2.00000      1.48334     -1.10896      0.09684      0.52807
    -10.83480     -3.11780      1.12482      2.00000      1.49789     -1.07255      0.07220      0.51074
    -10.02728     -3.55099      1.15596      2.00000      1.52009     -1.01792      0.04567      0.48472
     -9.14978     -3.81161      1.18706      2.00000      1.55017     -0.94320      0.02044      0.44914
     -8.24076     -3.91572      1.21815      2.00000      1.58678     -0.85193     -0.00066      0.40568
     -7.32548     -3.89445      1.24926      2.00000      1.62601     -0.75295     -0.01565      0.35855
     -6.41464     -3.78750      1.28043      2.00000      1.66180     -0.65993     -0.02364      0.31425
     -5.50787     -3.63614      1.31167      2.00000      1.68763     -0.58805     -0.02490      0.28002
     -4.60016     -3.47693      1.34298      2.00000      1.69943     -0.54810     -0.02073      0.26100
     -3.68757     -3.33658      1.37436      2.00000      1.69775     -0.54120     -0.01322      0.25771
     -2.76952     -3.22931      1.40577      2.00000      1.68731     -0.55821     -0.00475      0.26581
     -1.84771     -3.15806      1.43718      2.00000      1.67447     -0.58456      0.00262      0.27836
     -0.92413     -3.11900      1.46859      2.00000      1.66353     -0.60664      0.00751      0.28888
      0.00000     -3.10694      1.50000      2.00000      1.66384     -0.61660      0.00921      0.29362
      0.92413     -3.11900      1.53141      2.00000      1.66353     -0.60664      0.00751      0.28888
      1.84771     -3.15806      1.56282      2.00000      1.67447     -0.58456      0.00262      0.27836
      2.76952     -3.22931      1.59423      2.00000      1.68731     -0.55821     -0.00475      0.26581
      3.68757     -3.33658      1.62564      2.00000      1.69775     -0.54120     -0.01322      0.25771
      4.60016     -3.47693      1.65702      2.00000      1.69943     -0.54810     -0.02073      0.26100
      5.50787     -3.63614      1.68833      2.00000      1.68763     -0.58805     -0.02490      0.28002
      6.41464     -3.78750      1.71957      2.00000      1.66180     -0.65993     -0.02364      0.31425
      7.32548     -3.89445      1.75074      2.00000      1.62601     -0.75295     -0.01565      0.35855
      8.24076     -3.91572      1.78185      2.00000      1.58678     -0.85193     -0.00066      0.40568
      9.14978     -3.81161      1.81294      2.00000      1.55017     -0.94320      0.02044      0.44914
     10.02728     -3.55099      1.84404      2.00000      1.52009     -1.01792      0.04567      0.48472
     10.83480     -3.11780      1.87518      2.00000      1.49789     -1.07255      0.07220      0.51074
     11.52676     -2.51541      1.90636      2.00000      1.48334     -1.10896      0.09684      0.52807
     12.05852     -1.76671      1.93756      2.00000      1.47476     -1.12834      0.11666      0.53730
     12.39454     -0.91195      1.96877      2.00000      1.46783     -1.14841      0.12961      0.54686
     12.50825      0.00000      2.00000      2.00000      1.46552     -1.14854      0.13403      0.54693
 >>>>       8           64
     89.60000     32.89762
     14.32556      0.00000      0.00000      2.00000      1.44847     -1.19134      0.15058      0.56730
     14.17895      1.01673      0.03123      2.00000      1.45238     -1.19085      0.14403      0.56707
     13.74844      1.94774      0.06240      2.00000      1.46412     -1.15382      0.12516      0.54944
     13.08151      2.72695      0.09358      2.00000      1.47830     -1.12364      0.09751      0.53507
     12.23604      3.30344      0.12469      2.00000      1.50193     -1.06168      0.06480      0.50556
     11.27997      3.66241      0.15573      2.00000      1.53620     -0.97666      0.03244      0.46508
     10.27241      3.82064      0.18673      2.00000      1.57880     -0.86978      0.00504      0.41418
      9.25205      3.82087      0.21775      2.00000      1.62463     -0.75432     -0.01423      0.35920
      8.23442      3.71932      0.24884      2.00000      1.66521     -0.64912     -0.02425      0.30911
      7.21877      3.57340      0.28003      2.00000      1.69233     -0.57360     -0.02576      0.27314
      6.19914      3.43113      0.31132      2.00000      1.70230     -0.53873     -0.02103      0.25654
      5.17258      3.32307      0.34270      2.00000      1.69787     -0.54146     -0.01310      0.25784
      4.14047      3.25955      0.37413      2.00000      1.68558     -0.56797     -0.00479      0.27046
      3.10569      3.23453      0.40559      2.00000      1.67160     -0.60244      0.00207      0.28688
      2.07029      3.23336      0.43707      2.00000      1.65987     -0.63328      0.00682      0.30156
      1.03505      3.24045      0.46854      2.00000      1.65127     -0.65408      0.00950      0.31147
      0.00000      3.24447      0.50000      2.00000      1.65253     -0.66300      0.01036      0.31571
     -1.03505      3.24045      0.53146      2.00000      1.65127     -0.65408      0.00950      0.31147
     -2.07029      3.23336      0.56293      2.00000      1.65987     -0.63328      0.00682      0.30156
     -3.10569      3.23453      0.59441      2.00000      1.67160     -0.60244      0.00207      0.28688
     -4.14047      3.25955      0.62587      2.00000      1.68558     -0.56797     -0.00479      0.27046
     -5.17258      3.32307      0.65730      2.00000      1.69787     -0.54146     -0.01310      0.25784
     -6.19914      3.43113      0.68868      2.00000      1.70230     -0.53873     -0.02103      0.25654
     -7.21877      3.57340      0.71997      2.00000      1.69233     -0.57360     -0.02576      0.27314
     -8.23442      3.71932      0.75116      2.00000      1.66521     -0.64912     -0.02425      0.30911
     -9.25205      3.82087      0.78225      2.00000      1.62463     -0.75432     -0.01423      0.35920
    -10.27241      3.82064      0.81327      2.00000      1.57880     -0.86978      0.00504      0.41418
    -11.27997      3.66241      0.84427      2.00000      1.53620     -0.97666      0.03244      0.46508
    -12.23604      3.30344      0.87531      2.00000      1.50193     -1.06168      0.06480      0.50556
    -13.08151      2.72695      0.90642      2.00000      1.47830     -1.12364      0.09751      0.53507
    -13.74844      1.94774      0.93760      2.00000      1.46412     -1.15382      0.12516      0.54944
    -14.17895      1.01673      0.96877      2.00000      1.45238     -1.19085      0.14403      0.56707
    -14.32556      0.00000      1.00000      2.00000      1.44847     -1.19134      0.15058      0.56730
    -14.17895     -1.01673      1.03123      2.00000      1.45238     -1.19085      0.14403      0.56707
    -13.74844     -1.94774      1.06240      2.00000      1.46412     -1.15382      0.12516      0.54944
    -13.08151     -2.72695      1.09358      2.00000      1.47830     -1.12364      0.09751      0.53507
    -12.23604     -3.30344      1.12469      2.00000      1.50193     -1.06168      0.06480      0.50556
    -11.27997     -3.66241      1.15573      2.00000      1.53620     -0.97666      0.03244      0.46508
    -10.27241     -3.82064      1.18673      2.00000      1.57880     -0.86978      0.00504      0.41418
     -9.25205     -3.82087      1.21775      2.00000      1.62463     -0.75432     -0.01423      0.35920
     -8.23442     -3.71932      1.24884      2.00000      1.66521     -0.64912     -0.02425      0.30911
     -7.21877     -3.57340      1.28003      2.00000      1.69233     -0.57360     -0.02576      0.27314
     -6.19914     -3.43113      1.31132      2.00000      1.70230     -0.53873     -0.02103      0.25654
     -5.17258     -3.32307      1.34270      2.00000      1.69787     -0.54146     -0.01310      0.25784
     -4.14047     -3.25955      1.37413      2.00000      1.68558     -0.56797     -0.00479      0.27046
     -3.10569     -3.23453      1.40559      2.00000      1.67160     -0.60244      0.00207      0.28688
     -2.07029     -3.23336      1.43707      2.00000      1.65987     -0.63328      0.00682      0.30156
     -1.03505     -3.24045      1.46854      2.00000      1.65127     -0.65408      0.00950      0.31147
      0.00000     -3.24447      1.50000      2.00000      1.65253     -0.66300      0.01036      0.31571
      1.03505     -3.24045      1.53146      2.00000      1.65127     -0.65408      0.00950      0.31147
      2.07029     -3.23336      1.56293      2.00000      1.65987     -0.63328      0.00682      0.30156
      3.10569     -3.23453      1.59441      2.00000      1.67160     -0.60244      0.00207      0.28688
      4.14047     -3.25955      1.62587      2.00000      1.68558     -0.56797     -0.00479      0.27046
      5.17258     -3.32307      1.65730      2.00000      1.69787     -0.54146     -0.01310      0.25784
      6.19914     -3.43113      1.68868      2.00000      1.70230     -0.53873     -0.02103      0.25654
      7.21877     -3.57340      1.71997      2.00000      1.69233     -0.57360     -0.02576      0.27314
      8.23442     -3.71932      1.75116      2.00000      1.66521     -0.64912     -0.02425      0.30911
      9.25205     -3.82087      1.78225      2.00000      1.62463     -0.75432     -0.01423      0.35920
     10.27241     -3.82064      1.81327      2.00000      1.57880     -0.86978      0.00504      0.41418
     11.27997     -3.66241      1.84427      2.00000      1.53620     -0.97666      0.03244      0.46508
     12.23604     -3.30344      1.87531      2.00000      1.50193     -1.06168      0.06480      0.50556
     13.08151     -2.72695      1.90642      2.00000      1.47830     -1.12364      0.09751      0.53507
     13.74844     -1.94774      1.93760      2.00000      1.46412     -1.15382      0.12516      0.54944
     14.17895     -1.01673      1.96877      2.00000      1.45238     -1.19085      0.14403      0.56707
     14.32556      0.00000      2.00000      2.00000      1.44847     -1.19134      0.15058      0.56730
 >>>>       9           64
    102.40000     36.83504
     16.36834      0.00000      0.00000      2.00000      1.42799     -1.24056      0.16882      0.59074
     16.17834      1.13423      0.03122      2.00000      1.43505     -1.24456      0.15888      0.59265
     15.62448      2.13697      0.06232      2.00000      1.45624     -1.16766      0.13060      0.55603
     14.79509      2.92872      0.09345      2.00000      1.47802     -1.13028      0.09268      0.53823
     13.77918      3.44565      0.12439      2.00000      1.51544     -1.02377      0.05086      0.48751
     12.67151      3.70386      0.15527      2.00000      1.56372     -0.90677      0.01510      0.43180
     11.53556      3.75331      0.18614      2.00000      1.61529     -0.77592     -0.00991      0.36949
     10.39801      3.66949      0.21711      2.00000      1.66042     -0.66055     -0.02231      0.31455
      9.26041      3.52875      0.24822      2.00000      1.68893     -0.58220     -0.02375      0.27724
      8.11676      3.39270      0.27949      2.00000      1.69813     -0.55003     -0.01808      0.26192
      6.96490      3.29775      0.31087      2.00000      1.69325     -0.55522     -0.00985      0.26439
      5.80719      3.25381      0.34232      2.00000      1.68258     -0.57937     -0.00259      0.27589
      4.64669      3.25199      0.37383      2.00000      1.67213     -0.60669      0.00208      0.28890
      3.48522      3.27525      0.40536      2.00000      1.66433     -0.62911      0.00419      0.29958
      2.32349      3.30616      0.43691      2.00000      1.65940     -0.64458      0.00461      0.30694
      1.16174      3.33090      0.46846      2.00000      1.65562     -0.65377      0.00438      0.31132
      0.00000      3.34061      0.50000      2.00000      1.65908     -0.65885      0.00423      0.31374
     -1.16174      3.33090      0.53154      2.00000      1.65562     -0.65377      0.00438      0.31132
     -2.32349      3.30616      0.56309      2.00000      1.65940     -0.64458      0.00461      0.30694
     -3.48522      3.27525      0.59464      2.00000      1.66433     -0.62911      0.00419      0.29958
     -4.64669      3.25199      0.62617      2.00000      1.67213     -0.60669      0.00208      0.28890
     -5.80719      3.25381      0.65768      2.00000      1.68258     -0.57937     -0.00259      0.27589
     -6.96490      3.29775      0.68913      2.00000      1.69325     -0.55522     -0.00985      0.26439
     -8.11676      3.39270      0.72051      2.00000      1.69813     -0.55003     -0.01808      0.26192
     -9.26041      3.52875      0.75178      2.00000      1.68893     -0.58220     -0.02375      0.27724
    -10.39801      3.66949      0.78289      2.00000      1.66042     -0.66055     -0.02231      0.31455
    -11.53556      3.75331      0.81386      2.00000      1.61529     -0.77592     -0.00991      0.36949
    -12.67151      3.70386      0.84473      2.00000      1.56372     -0.90677      0.01510      0.43180
    -13.77918      3.44565      0.87561      2.00000      1.51544     -1.02377      0.05086      0.48751
    -14.79509      2.92872      0.90655      2.00000      1.47802     -1.13028      0.09268      0.53823
    -15.62448      2.13697      0.93768      2.00000      1.45624     -1.16766      0.13060      0.55603
    -16.17834      1.13423      0.96878      2.00000      1.43505     -1.24456      0.15888      0.59265
    -16.36834      0.00000      1.00000      2.00000      1.42799     -1.24056      0.16882      0.59074
    -16.17834     -1.13423      1.03122      2.00000      1.43505     -1.24456      0.15888      0.59265
    -15.62448     -2.13697      1.06232      2.00000      1.45624     -1.16766      0.13060      0.55603
    -14.79509     -2.92872      1.09345      2.00000      1.47802     -1.13028      0.09268      0.53823
    -13.77918     -3.44565      1.12439      2.00000      1.51544     -1.02377      0.05086      0.48751
    -12.67151     -3.70386      1.15527      2.00000      1.56372     -0.90677      0.01510      0.43180
    -11.53556     -3.75331      1.18614      2.00000      1.61529     -0.77592     -0.00991      0.36949
    -10.39801     -3.66949      1.21711      2.00000      1.66042     -0.66055     -0.02231      0.31455
     -9.26041     -3.52875      1.24822      2.00000      1.68893     -0.58220     -0.02375      0.27724
     -8.11676     -3.39270      1.27949      2.00000      1.69813     -0.55003     -0.01808      0.26192
     -6.96490     -3.29775      1.31087      2.00000      1.69325     -0.55522     -0.00985      0.26439
     -5.80719     -3.25381      1.34232      2.00000      1.68258     -0.57937     -0.00259      0.27589
     -4.64669     -3.25199      1.37383      2.00000      1.67213     -0.60669      0.00208      0.28890
     -3.48522     -3.27525      1.40536      2.00000      1.66433     -0.62911      0.00419      0.29958
     -2.32349     -3.30616      1.43691      2.00000      1.65940     -0.64458      0.00461      0.30694
     -1.16174     -3.33090      1.46846      2.00000      1.65562     -0.65377      0.00438      0.31132
      0.00000     -3.34061      1.50000      2.00000      1.65908     -0.65885      0.00423      0.31374
      1.16174     -3.33090      1.53154      2.00000      1.65562     -0.65377      0.00438      0.31132
      2.32349     -3.30616      1.56309      2.00000      1.65940     -0.64458      0.00461      0.30694
      3.48522     -3.27525      1.59464      2.00000      1.66433     -0.62911      0.00419      0.29958
      4.64669     -3.25199      1.62617      2.00000      1.67213     -0.60669      0.00208      0.28890
      5.80719     -3.25381      1.65768      2.00000      1.68258     -0.57937     -0.00259      0.27589
      6.96490     -3.29775      1.68913      2.00000      1.69325     -0.55522     -0.00985      0.26439
      8.11676     -3.39270      1.72051      2.00000      1.69813     -0.55003     -0.01808      0.26192
      9.26041     -3.52875      1.75178      2.00000      1.68893     -0.58220     -0.02375      0.27724
     10.39801     -3.66949      1.78289      2.00000      1.66042     -0.66055     -0.02231      0.31455
     11.53556     -3.75331      1.81386      2.00000      1.61529     -0.77592     -0.00991      0.36949
     12.67151     -3.70386      1.84473      2.00000      1.56372     -0.90677      0.01510      0.43180
     13.77918     -3.44565      1.87561      2.00000      1.51544     -1.02377      0.05086      0.48751
     14.79509     -2.92872      1.90655      2.00000      1.47802     -1.13028      0.09268      0.53823
     15.62448     -2.13697      1.93768      2.00000      1.45624     -1.16766      0.13060      0.55603
     16.17834     -1.13423      1.96878      2.00000      1.43505     -1.24456      0.15888      0.59265
     16.36834      0.00000      2.00000      2.00000      1.42799     -1.24056      0.16882      0.59074
 >>>>      10           64
    115.20000     41.22812
     18.66400      0.00000      0.00000      2.00000      1.38372     -1.16231      0.19185      0.55348
     18.44110      1.26921      0.03126      2.00000      1.40555     -1.49254      0.19040      0.71073
     17.67326      2.27499      0.06195      2.00000      1.47000     -0.99968      0.11127      0.47604
     16.68741      3.10523      0.09321      2.00000      1.46625     -1.26142      0.09833      0.60067
     15.49036      3.48577      0.12368      2.00000      1.54404     -0.88835      0.02623      0.42302
     14.23473      3.64827      0.15439      2.00000      1.60270     -0.82965     -0.00008      0.39507
     12.96671      3.61742      0.18515      2.00000      1.64916     -0.68214     -0.01882      0.32483
     11.69336      3.50710      0.21615      2.00000      1.68202     -0.60363     -0.02111      0.28744
     10.41149      3.39037      0.24737      2.00000      1.69129     -0.57257     -0.01498      0.27265
      9.12037      3.30869      0.27875      2.00000      1.68716     -0.57779     -0.00652      0.27514
      7.82297      3.27173      0.31023      2.00000      1.67832     -0.59784      0.00013      0.28468
      6.52204      3.27006      0.34179      2.00000      1.67077     -0.61729      0.00354      0.29395
      5.21897      3.28849      0.37340      2.00000      1.66645     -0.62998      0.00412      0.29999
      3.91458      3.31383      0.40504      2.00000      1.66494     -0.63593      0.00302      0.30282
      2.60964      3.33730      0.43670      2.00000      1.66500     -0.63771      0.00139      0.30367
      1.30473      3.35385      0.46835      2.00000      1.66411     -0.63837      0.00010      0.30399
      0.00000      3.36046      0.50000      2.00000      1.66956     -0.64123     -0.00036      0.30535
     -1.30473      3.35385      0.53165      2.00000      1.66411     -0.63837      0.00010      0.30399
     -2.60964      3.33730      0.56330      2.00000      1.66500     -0.63771      0.00139      0.30367
     -3.91458      3.31383      0.59496      2.00000      1.66494     -0.63593      0.00302      0.30282
     -5.21897      3.28849      0.62660      2.00000      1.66645     -0.62998      0.00412      0.29999
     -6.52204      3.27006      0.65821      2.00000      1.67077     -0.61729      0.00354      0.29395
     -7.82297      3.27173      0.68977      2.00000      1.67832     -0.59784      0.00013      0.28468
     -9.12037      3.30869      0.72125      2.00000      1.68716     -0.57779     -0.00652      0.27514
    -10.41149      3.39037      0.75263      2.00000      1.69129     -0.57257     -0.01498      0.27265
    -11.69336      3.50710      0.78385      2.00000      1.68202     -0.60363     -0.02111      0.28744
    -12.96671      3.61742      0.81485      2.00000      1.64916     -0.68214     -0.01882      0.32483
    -14.23473      3.64827      0.84561      2.00000      1.60270     -0.82965     -0.00008      0.39507
    -15.49036      3.48577      0.87632      2.00000      1.54404     -0.88835      0.02623      0.42302
    -16.68741      3.10523      0.90679      2.00000      1.46625     -1.26142      0.09833      0.60067
    -17.67326      2.27499      0.93805      2.00000      1.47000     -0.99968      0.11127      0.47604
    -18.44110      1.26921      0.96874      2.00000      1.40555     -1.49254      0.19040      0.71073
    -18.66400      0.00000      1.00000      2.00000      1.38372     -1.16231      0.19185      0.55348
    -18.44110     -1.26921      1.03126      2.00000      1.40555     -1.49254      0.19040      0.71073
    -17.67326     -2.27499      1.06195      2.00000      1.47000     -0.99968      0.11127      0.47604
    -16.68741     -3.10523      1.09321      2.00000      1.46625     -1.26142      0.09833      0.60067
    -15.49036     -3.48577      1.12368      2.00000      1.54404     -0.88835      0.02623      0.42302
    -14.23473     -3.64827      1.15439      2.00000      1.60270     -0.82965     -0.00008      0.39507
    -12.96671     -3.61742      1.18515      2.00000      1.64916     -0.68214     -0.01882      0.32483
    -11.69336     -3.50710      1.21615      2.00000      1.68202     -0.60363     -0.02111      0.28744
    -10.41149     -3.39037      1.24737      2.00000      1.69129     -0.57257     -0.01498      0.27265
     -9.12037     -3.30869      1.27875      2.00000      1.68716     -0.57779     -0.00652      0.27514
     -7.82297     -3.27173      1.31023      2.00000      1.67832     -0.59784      0.00013      0.28468
     -6.52204     -3.27006      1.34179      2.00000      1.67077     -0.61729      0.00354      0.29395
     -5.21897     -3.28849      1.37340      2.00000      1.66645     -0.62998      0.00412      0.29999
     -3.91458     -3.31383      1.40504      2.00000      1.66494     -0.63593      0.00302      0.30282
     -2.60964     -3.33730      1.43670      2.00000      1.66500     -0.63771      0.00139      0.30367
     -1.30473     -3.35385      1.46835      2.00000      1.66411     -0.63837      0.00010      0.30399
      0.00000     -3.36046      1.50000      2.00000      1.66956     -0.64123     -0.00036      0.30535
      1.30473     -3.35385      1.53165      2.00000      1.66411     -0.63837      0.00010      0.30399
      2.60964     -3.33730      1.56330      2.00000      1.66500     -0.63771      0.00139      0.30367
      3.91458     -3.31383      1.59496      2.00000      1.66494     -0.63593      0.00302      0.30282
      5.21897     -3.28849      1.62660      2.00000      1.66645     -0.62998      0.00412      0.29999
      6.52204     -3.27006      1.65821      2.00000      1.67077     -0.61729      0.00354      0.29395
      7.82297     -3.27173      1.68977      2.00000      1.67832     -0.59784      0.00013      0.28468
      9.12037     -3.30869      1.72125      2.00000      1.68716     -0.57779     -0.00652      0.27514
     10.41149     -3.39037      1.75263      2.00000      1.69129     -0.57257     -0.01498      0.27265
     11.69336     -3.50710      1.78385      2.00000      1.68202     -0.60363     -0.02111      0.28744
     12.96671     -3.61742      1.81485      2.00000      1.64916     -0.68214     -0.01882      0.32483
     14.23473     -3.64827      1.84561      2.00000      1.60270     -0.82965     -0.00008      0.39507
     15.49036     -3.48577      1.87632      2.00000      1.54404     -0.88835      0.02623      0.42302
     16.68741     -3.10523      1.90679      2.00000      1.46625     -1.26142      0.09833      0.60067
     17.67326     -2.27499      1.93805      2.00000      1.47000     -0.99968      0.11127      0.47604
     18.44110     -1.26921      1.96874      2.00000      1.40555     -1.49254      0.19040      0.71073
     18.66400      0.00000      2.00000      2.00000      1.38372     -1.16231      0.19185      0.55348
 >>>>      11           64
    128.00000     44.28762
     19.38063      0.00000      0.00000      2.00000      1.29863     -0.32524     -0.00058      0.15488
     19.30571      1.39096      0.03145      2.00000      1.41713     -2.77483      0.00034      1.32135
     18.16501      2.02962      0.06097      2.00000      1.72619      1.04166      0.00112     -0.49603
     17.94277      3.45299      0.09350      2.00000      1.17224     -2.99964     -0.00103      1.42840
     16.82952      3.73223      0.11942      2.00000      1.40367     -0.99886     -0.00126      0.47565
     15.44903      3.71037      0.15059      2.00000      1.61917     -0.75235     -0.00251      0.35826
     14.09217      3.52107      0.18153      2.00000      1.69294     -0.55792     -0.00371      0.26568
     12.71318      3.35964      0.21287      2.00000      1.70731     -0.53457     -0.00388      0.25456
     11.31671      3.27842      0.24446      2.00000      1.69218     -0.56968     -0.00267      0.27128
      9.91106      3.26288      0.27620      2.00000      1.67634     -0.60982     -0.00080      0.29039
      8.50091      3.27923      0.30804      2.00000      1.66741     -0.63338      0.00083      0.30161
      7.08754      3.30223      0.33996      2.00000      1.66486     -0.64110      0.00163      0.30528
      5.67159      3.32028      0.37194      2.00000      1.66581     -0.63974      0.00152      0.30464
      4.25399      3.33137      0.40395      2.00000      1.66785     -0.63529      0.00077      0.30252
      2.83580      3.33774      0.43597      2.00000      1.66960     -0.63144     -0.00017      0.30068
      1.41776      3.34193      0.46799      2.00000      1.66901     -0.63010     -0.00092      0.30005
      0.00000      3.34448      0.50000      2.00000      1.67537     -0.63322     -0.00119      0.30153
     -1.41776      3.34193      0.53201      2.00000      1.66901     -0.63010     -0.00092      0.30005
     -2.83580      3.33774      0.56403      2.00000      1.66960     -0.63144     -0.00017      0.30068
     -4.25399      3.33137      0.59605      2.00000      1.66785     -0.63529      0.00077      0.30252
     -5.67159      3.32028      0.62806      2.00000      1.66581     -0.63974      0.00152      0.30464
     -7.08754      3.30223      0.66004      2.00000      1.66486     -0.64110      0.00163      0.30528
     -8.50091      3.27923      0.69196      2.00000      1.66741     -0.63338      0.00083      0.30161
     -9.91106      3.26288      0.72380      2.00000      1.67634     -0.60982     -0.00080      0.29039
    -11.31671      3.27842      0.75554      2.00000      1.69218     -0.56968     -0.00267      0.27128
    -12.71318      3.35964      0.78713      2.00000      1.70731     -0.53457     -0.00388      0.25456
    -14.09217      3.52107      0.81847      2.00000      1.69294     -0.55792     -0.00371      0.26568
    -15.44903      3.71037      0.84941      2.00000      1.61917     -0.75235     -0.00251      0.35826
    -16.82952      3.73223      0.88058      2.00000      1.40367     -0.99886     -0.00126      0.47565
    -17.94277      3.45299      0.90650      2.00000      1.17224     -2.99964     -0.00103      1.42840
    -18.16501      2.02962      0.93903      2.00000      1.72619      1.04166      0.00112     -0.49603
    -19.30571      1.39096      0.96855      2.00000      1.41713     -2.77483      0.00034      1.32135
    -19.38063      0.00000      1.00000      2.00000      1.29863     -0.32524     -0.00058      0.15488
    -19.30571     -1.39096      1.03145      2.00000      1.41713     -2.77483      0.00034      1.32135
    -18.16501     -2.02962      1.06097      2.00000      1.72619      1.04166      0.00112     -0.49603
    -17.94277     -3.45299      1.09350      2.00000      1.17224     -2.99964     -0.00103      1.42840
    -16.82952     -3.73223      1.11942      2.00000      1.40367     -0.99886     -0.00126      0.47565
    -15.44903     -3.71037      1.15059      2.00000      1.61917     -0.75235     -0.00251      0.35826
    -14.09217     -3.52107      1.18153      2.00000      1.69294     -0.55792     -0.00371      0.26568
    -12.71318     -3.35964      1.21287      2.00000      1.70731     -0.53457     -0.00388      0.25456
    -11.31671     -3.27842      1.24446      2.00000      1.69218     -0.56968     -0.00267      0.27128
     -9.91106     -3.26288      1.27620      2.00000      1.67634     -0.60982     -0.00080      0.29039
     -8.50091     -3.27923      1.30804      2.00000      1.66741     -0.63338      0.00083      0.30161
     -7.08754     -3.30223      1.33996      2.00000      1.66486     -0.64110      0.00163      0.30528
     -5.67159     -3.32028      1.37194      2.00000      1.66581     -0.63974      0.00152      0.30464
     -4.25399     -3.33137      1.40395      2.00000      1.66785     -0.63529      0.00077      0.30252
     -2.83580     -3.33774      1.43597      2.00000      1.66960     -0.63144     -0.00017      0.30068
     -1.41776     -3.34193      1.46799      2.00000      1.66901     -0.63010     -0.00092      0.30005
      0.00000     -3.34448      1.50000      2.00000      1.67537     -0.63322     -0.00119      0.30153
      1.41776     -3.34193      1.53201      2.00000      1.66901     -0.63010     -0.00092      0.30005
      2.83580     -3.33774      1.56403      2.00000      1.66960     -0.63144     -0.00017      0.30068
      4.25399     -3.33137      1.59605      2.00000      1.66785     -0.63529      0.00077      0.30252
      5.67159     -3.32028      1.62806      2.00000      1.66581     -0.63974      0.00152      0.30464
      7.08754     -3.30223      1.66004      2.00000      1.66486     -0.64110      0.00163      0.30528
      8.50091     -3.27923      1.69196      2.00000      1.66741     -0.63338      0.00083      0.30161
      9.91106     -3.26288      1.72380      2.00000      1.67634     -0.60982     -0.00080      0.29039
     11.31671     -3.27842      1.75554      2.00000      1.69218     -0.56968     -0.00267      0.27128
     12.71318     -3.35964      1.78713      2.00000      1.70731     -0.53457     -0.00388      0.25456
     14.09217     -3.52107      1.81847      2.00000      1.69294     -0.55792     -0.00371      0.26568
     15.44903     -3.71037      1.84941      2.00000      1.61917     -0.75235     -0.00251      0.35826
     16.82952     -3.73223      1.88058      2.00000      1.40367     -0.99886     -0.00126      0.47565
     17.94277     -3.45299      1.90650      2.00000      1.17224     -2.99964     -0.00103      1.42840
     18.16501     -2.02962      1.93903      2.00000      1.72619      1.04166      0.00112     -0.49603
     19.30571     -1.39096      1.96855      2.00000      1.41713     -2.77483      0.00034      1.32135
     19.38063      0.00000      2.00000      2.00000      1.29863     -0.32524     -0.00058      0.15488
 >>>>       0            0
