 >>>>       1           64
      0.00000      6.87749
      2.50000      0.00000      0.00000      1.34138      0.69262     -0.18249      0.01361      1.28547
      2.48524      0.21434      0.03124      1.34010      0.69453     -0.18161      0.02229      1.27932
      2.44131      0.42466      0.06248      1.33631      0.69151     -0.18048      0.01836      1.27130
      2.36932      0.62710      0.09372      1.33001      0.68964     -0.17862      0.01714      1.25825
      2.27097      0.81813      0.12496      1.32131      0.68674     -0.17611      0.01474      1.24055
      2.14853      0.99470      0.15620      1.31034      0.68310     -0.17299      0.01135      1.21859
      2.00466      1.15431      0.18745      1.29725      0.67872     -0.16929      0.00699      1.19250
      1.84230      1.29508      0.21869      1.28220      0.67368     -0.16502      0.00135      1.16243
      1.66449      1.41578      0.24994      1.26541      0.66796     -0.16009     -0.00521      1.12772
      1.47430      1.51587      0.28119      1.24712      0.66164     -0.15438     -0.01261      1.08748
      1.27468      1.59554      0.31244      1.22770      0.65474     -0.14763     -0.02002      1.03993
      1.06833      1.65571      0.34370      1.20768      0.64740     -0.13953     -0.02609      0.98284
      0.85760      1.69815      0.37495      1.18786      0.63988     -0.12979     -0.02845      0.91424
      0.64435      1.72541      0.40621      1.16947      0.63263     -0.11849     -0.02403      0.83464
      0.42990      1.74081      0.43747      1.15417      0.62632     -0.10672     -0.01147      0.75172
      0.21501      1.74800      0.46874      1.14389      0.62185     -0.09716      0.00432      0.68438
      0.00000      1.75000      0.50000      1.14023      0.62029     -0.09338      0.01213      0.65777
     -0.21501      1.74800      0.53126      1.14389      0.62185     -0.09716      0.00432      0.68438
     -0.42990      1.74081      0.56253      1.15417      0.62632     -0.10672     -0.01147      0.75172
     -0.64435      1.72541      0.59379      1.16947      0.63263     -0.11849     -0.02403      0.83464
     -0.85760      1.69815      0.62505      1.18786      0.63988     -0.12979     -0.02845      0.91424
     -1.06833      1.65571      0.65630      1.20768      0.64740     -0.13953     -0.02609      0.98284
     -1.27468      1.59554      0.68756      1.22770      0.65474     -0.14763     -0.02002      1.03993
     -1.47430      1.51587      0.71881      1.24712      0.66164     -0.15438     -0.01261      1.08748
     -1.66449      1.41578      0.75006      1.26541      0.66796     -0.16009     -0.00521      1.12772
     -1.84230      1.29508      0.78131      1.28220      0.67368     -0.16502      0.00135      1.16243
     -2.00466      1.15431      0.81255      1.29725      0.67872     -0.16929      0.00699      1.19250
     -2.14853      0.99470      0.84380      1.31034      0.68310     -0.17299      0.01135      1.21859
     -2.27097      0.81813      0.87504      1.32131      0.68674     -0.17611      0.01474      1.24055
     -2.36932      0.62710      0.90628      1.33001      0.68964     -0.17862      0.01714      1.25825
     -2.44131      0.42466      0.93752      1.33631      0.69151     -0.18048      0.01836      1.27130
     -2.48524      0.21434      0.96876      1.34010      0.69453     -0.18161      0.02229      1.27932
     -2.50000      0.00000      1.00000      1.34138      0.69262     -0.18249      0.01361      1.28547
     -2.48524     -0.21434      1.03124      1.34010      0.69453     -0.18161      0.02229      1.27932
     -2.44131     -0.42466      1.06248      1.33631      0.69151     -0.18048      0.01836      1.27130
     -2.36932     -0.62710      1.09372      1.33001      0.68964     -0.17862      0.01714      1.25825
     -2.27097     -0.81813      1.12496      1.32131      0.68674     -0.17611      0.01474      1.24055
     -2.14853     -0.99470      1.15620      1.31034      0.68310     -0.17299      0.01135      1.21859
     -2.00466     -1.15431      1.18745      1.29725      0.67872     -0.16929      0.00699      1.19250
     -1.84230     -1.29508      1.21869      1.28220      0.67368     -0.16502      0.00135      1.16243
     -1.66449     -1.41578      1.24994      1.26541      0.66796     -0.16009     -0.00521      1.12772
     -1.47430     -1.51587      1.28119      1.24712      0.66164     -0.15438     -0.01261      1.08748
     -1.27468     -1.59554      1.31244      1.22770      0.65474     -0.14763     -0.02002      1.03993
     -1.06833     -1.65571      1.34370      1.20768      0.64740     -0.13953     -0.02609      0.98284
     -0.85760     -1.69815      1.37495      1.18786      0.63988     -0.12979     -0.02845      0.91424
     -0.64435     -1.72541      1.40621      1.16947      0.63263     -0.11849     -0.02403      0.83464
     -0.42990     -1.74081      1.43747      1.15417      0.62632     -0.10672     -0.01147      0.75172
     -0.21501     -1.74800      1.46874      1.14389      0.62185     -0.09716      0.00432      0.68438
      0.00000     -1.75000      1.50000      1.14023      0.62029     -0.09338      0.01213      0.65777
      0.21501     -1.74800      1.53126      1.14389      0.62185     -0.09716      0.00432      0.68438
      0.42990     -1.74081      1.56253      1.15417      0.62632     -0.10672     -0.01147      0.75172
      0.64435     -1.72541      1.59379      1.16947      0.63263     -0.11849     -0.02403      0.83464
      0.85760     -1.69815      1.62505      1.18786      0.63988     -0.12979     -0.02845      0.91424
      1.06833     -1.65571      1.65630      1.20768      0.64740     -0.13953     -0.02609      0.98284
      1.27468     -1.59554      1.68756      1.22770      0.65474     -0.14763     -0.02002      1.03993
      1.47430     -1.51587      1.71881      1.24712      0.66164     -0.15438     -0.01261      1.08748
      1.66449     -1.41578      1.75006      1.26541      0.66796     -0.16009     -0.00521      1.12772
      1.84230     -1.29508      1.78131      1.28220      0.67368     -0.16502      0.00135      1.16243
      2.00466     -1.15431      1.81255      1.29725      0.67872     -0.16929      0.00699      1.19250
      2.14853     -0.99470      1.84380      1.31034      0.68310     -0.17299      0.01135      1.21859
      2.27097     -0.81813      1.87504      1.32131      0.68674     -0.17611      0.01474      1.24055
      2.36932     -0.62710      1.90628      1.33001      0.68964     -0.17862      0.01714      1.25825
      2.44131     -0.42466      1.93752      1.33631      0.69151     -0.18048      0.01836      1.27130
      2.48524     -0.21434      1.96876      1.34010      0.69453     -0.18161      0.02229      1.27932
      2.50000      0.00000      2.00000      1.34138      0.69262     -0.18249      0.01361      1.28547
 >>>>       2           64
      6.40000      7.08354
      2.67179      0.00000      0.00000      1.39245      0.70262     -0.20066      0.03094      1.41345
      2.65459      0.22062      0.03124      1.39042      0.70510     -0.20028      0.03045      1.41082
      2.60335      0.43590      0.06248      1.38446      0.70070     -0.19795      0.02900      1.39439
      2.51993      0.64086      0.09372      1.37455      0.69752     -0.19480      0.02667      1.37217
      2.40695      0.83113      0.12496      1.36097      0.69260     -0.19037      0.02358      1.34098
      2.26782      1.00322      0.15620      1.34398      0.68647     -0.18468      0.01989      1.30089
      2.10646      1.15465      0.18744      1.32396      0.67923     -0.17774      0.01575      1.25204
      1.92698      1.28413      0.21868      1.30143      0.67111     -0.16963      0.01135      1.19492
      1.73344      1.39146      0.24993      1.27706      0.66241     -0.16049      0.00688      1.13054
      1.52953      1.47754      0.28117      1.25165      0.65350     -0.15056      0.00250      1.06059
      1.31841      1.54410      0.31242      1.22618      0.64479     -0.14018     -0.00164      0.98747
      1.10262      1.59356      0.34368      1.20174      0.63670     -0.12982     -0.00540      0.91444
      0.88400      1.62867      0.37493      1.17950      0.62962     -0.12003     -0.00868      0.84550
      0.66381      1.65228      0.40620      1.16066      0.62386     -0.11146     -0.01135      0.78513
      0.44283      1.66700      0.43746      1.14628      0.61964     -0.10475     -0.01334      0.73788
      0.22148      1.67492      0.46873      1.13727      0.61705     -0.10046     -0.01457      0.70769
      0.00000      1.67740      0.50000      1.13418      0.61630     -0.09902     -0.01498      0.69752
     -0.22148      1.67492      0.53127      1.13727      0.61705     -0.10046     -0.01457      0.70769
     -0.44283      1.66700      0.56254      1.14628      0.61964     -0.10475     -0.01334      0.73788
     -0.66381      1.65228      0.59380      1.16066      0.62386     -0.11146     -0.01135      0.78513
     -0.88400      1.62867      0.62507      1.17950      0.62962     -0.12003     -0.00868      0.84550
     -1.10262      1.59356      0.65632      1.20174      0.63670     -0.12982     -0.00540      0.91444
     -1.31841      1.54410      0.68758      1.22618      0.64479     -0.14018     -0.00164      0.98747
     -1.52953      1.47754      0.71883      1.25165      0.65350     -0.15056      0.00250      1.06059
     -1.73344      1.39146      0.75007      1.27706      0.66241     -0.16049      0.00688      1.13054
     -1.92698      1.28413      0.78132      1.30143      0.67111     -0.16963      0.01135      1.19492
     -2.10646      1.15465      0.81256      1.32396      0.67923     -0.17774      0.01575      1.25204
     -2.26782      1.00322      0.84380      1.34398      0.68647     -0.18468      0.01989      1.30089
     -2.40695      0.83113      0.87504      1.36097      0.69260     -0.19037      0.02358      1.34098
     -2.51993      0.64086      0.90628      1.37455      0.69752     -0.19480      0.02667      1.37217
     -2.60335      0.43590      0.93752      1.38446      0.70070     -0.19795      0.02900      1.39439
     -2.65459      0.22062      0.96876      1.39042      0.70510     -0.20028      0.03045      1.41082
     -2.67179      0.00000      1.00000      1.39245      0.70262     -0.20066      0.03094      1.41345
     -2.65459     -0.22062      1.03124      1.39042      0.70510     -0.20028      0.03045      1.41082
     -2.60335     -0.43590      1.06248      1.38446      0.70070     -0.19795      0.02900      1.39439
     -2.51993     -0.64086      1.09372      1.37455      0.69752     -0.19480      0.02667      1.37217
     -2.40695     -0.83113      1.12496      1.36097      0.69260     -0.19037      0.02358      1.34098
     -2.26782     -1.00322      1.15620      1.34398      0.68647     -0.18468      0.01989      1.30089
     -2.10646     -1.15465      1.18744      1.32396      0.67923     -0.17774      0.01575      1.25204
     -1.92698     -1.28413      1.21868      1.30143      0.67111     -0.16963      0.01135      1.19492
     -1.73344     -1.39146      1.24993      1.27706      0.66241     -0.16049      0.00688      1.13054
     -1.52953     -1.47754      1.28117      1.25165      0.65350     -0.15056      0.00250      1.06059
     -1.31841     -1.54410      1.31242      1.22618      0.64479     -0.14018     -0.00164      0.98747
     -1.10262     -1.59356      1.34368      1.20174      0.63670     -0.12982     -0.00540      0.91444
     -0.88400     -1.62867      1.37493      1.17950      0.62962     -0.12003     -0.00868      0.84550
     -0.66381     -1.65228      1.40620      1.16066      0.62386     -0.11146     -0.01135      0.78513
     -0.44283     -1.66700      1.43746      1.14628      0.61964     -0.10475     -0.01334      0.73788
     -0.22148     -1.67492      1.46873      1.13727      0.61705     -0.10046     -0.01457      0.70769
      0.00000     -1.67740      1.50000      1.13418      0.61630     -0.09902     -0.01498      0.69752
      0.22148     -1.67492      1.53127      1.13727      0.61705     -0.10046     -0.01457      0.70769
      0.44283     -1.66700      1.56254      1.14628      0.61964     -0.10475     -0.01334      0.73788
      0.66381     -1.65228      1.59380      1.16066      0.62386     -0.11146     -0.01135      0.78513
      0.88400     -1.62867      1.62507      1.17950      0.62962     -0.12003     -0.00868      0.84550
      1.10262     -1.59356      1.65632      1.20174      0.63670     -0.12982     -0.00540      0.91444
      1.31841     -1.54410      1.68758      1.22618      0.64479     -0.14018     -0.00164      0.98747
      1.52953     -1.47754      1.71883      1.25165      0.65350     -0.15056      0.00250      1.06059
      1.73344     -1.39146      1.75007      1.27706      0.66241     -0.16049      0.00688      1.13054
      1.92698     -1.28413      1.78132      1.30143      0.67111     -0.16963      0.01135      1.19492
      2.10646     -1.15465      1.81256      1.32396      0.67923     -0.17774      0.01575      1.25204
      2.26782     -1.00322      1.84380      1.34398      0.68647     -0.18468      0.01989      1.30089
      2.40695     -0.83113      1.87504      1.36097      0.69260     -0.19037      0.02358      1.34098
      2.51993     -0.64086      1.90628      1.37455      0.69752     -0.19480      0.02667      1.37217
      2.60335     -0.43590      1.93752      1.38446      0.70070     -0.19795      0.02900      1.39439
      2.65459     -0.22062      1.96876      1.39042      0.70510     -0.20028      0.03045      1.41082
      2.67179      0.00000      2.00000      1.39245      0.70262     -0.20066      0.03094      1.41345
 >>>>       3           64
     12.80000      7.50281
      2.92227      0.00000      0.00000      1.42177      0.70386     -0.20670      0.04865      1.45604
      2.90242      0.23354      0.03124      1.41946      0.70642     -0.20641      0.04791      1.45395
      2.84332      0.46033      0.06248      1.41257      0.70159     -0.20407      0.04570      1.43751
      2.74737      0.67415      0.09371      1.40107      0.69794     -0.20106      0.04217      1.41632
      2.61793      0.86952      0.12495      1.38518      0.69222     -0.19673      0.03745      1.38581
      2.45941      1.04211      0.15618      1.36507      0.68491     -0.19101      0.03177      1.34550
      2.27681      1.18898      0.18742      1.34104      0.67605     -0.18380      0.02538      1.29472
      2.07539      1.30875      0.21865      1.31356      0.66583     -0.17507      0.01855      1.23319
      1.86021      1.40161      0.24989      1.28331      0.65457     -0.16485      0.01154      1.16119
      1.63578      1.46923      0.28113      1.25120      0.64271     -0.15330      0.00460      1.07987
      1.40576      1.51455      0.31237      1.21839      0.63084     -0.14076     -0.00203      0.99154
      1.17280      1.54148      0.34363      1.18632      0.61961     -0.12776     -0.00815      0.89992
      0.93860      1.55454      0.37489      1.15662      0.60969     -0.11503     -0.01357      0.81028
      0.70401      1.55839      0.40617      1.13104      0.60159     -0.10352     -0.01810      0.72922
      0.46936      1.55742      0.43744      1.11128      0.59567     -0.09427     -0.02154      0.66403
      0.23469      1.55525      0.46872      1.09877      0.59205     -0.08824     -0.02369      0.62157
      0.00000      1.55425      0.50000      1.09446      0.59105     -0.08620     -0.02443      0.60720
     -0.23469      1.55525      0.53128      1.09877      0.59205     -0.08824     -0.02369      0.62157
     -0.46936      1.55742      0.56256      1.11128      0.59567     -0.09427     -0.02154      0.66403
     -0.70401      1.55839      0.59383      1.13104      0.60159     -0.10352     -0.01810      0.72922
     -0.93860      1.55454      0.62511      1.15662      0.60969     -0.11503     -0.01357      0.81028
     -1.17280      1.54148      0.65637      1.18632      0.61961     -0.12776     -0.00815      0.89992
     -1.40576      1.51455      0.68763      1.21839      0.63084     -0.14076     -0.00203      0.99154
     -1.63578      1.46923      0.71887      1.25120      0.64271     -0.15330      0.00460      1.07987
     -1.86021      1.40161      0.75011      1.28331      0.65457     -0.16485      0.01154      1.16119
     -2.07539      1.30875      0.78135      1.31356      0.66583     -0.17507      0.01855      1.23319
     -2.27681      1.18898      0.81258      1.34104      0.67605     -0.18380      0.02538      1.29472
     -2.45941      1.04211      0.84382      1.36507      0.68491     -0.19101      0.03177      1.34550
     -2.61793      0.86952      0.87505      1.38518      0.69222     -0.19673      0.03745      1.38581
     -2.74737      0.67415      0.90629      1.40107      0.69794     -0.20106      0.04217      1.41632
     -2.84332      0.46033      0.93752      1.41257      0.70159     -0.20407      0.04570      1.43751
     -2.90242      0.23354      0.96876      1.41946      0.70642     -0.20641      0.04791      1.45395
     -2.92227      0.00000      1.00000      1.42177      0.70386     -0.20670      0.04865      1.45604
     -2.90242     -0.23354      1.03124      1.41946      0.70642     -0.20641      0.04791      1.45395
     -2.84332     -0.46033      1.06248      1.41257      0.70159     -0.20407      0.04570      1.43751
     -2.74737     -0.67415      1.09371      1.40107      0.69794     -0.20106      0.04217      1.41632
     -2.61793     -0.86952      1.12495      1.38518      0.69222     -0.19673      0.03745      1.38581
     -2.45941     -1.04211      1.15618      1.36507      0.68491     -0.19101      0.03177      1.34550
     -2.27681     -1.18898      1.18742      1.34104      0.67605     -0.18380      0.02538      1.29472
     -2.07539     -1.30875      1.21865      1.31356      0.66583     -0.17507      0.01855      1.23319
     -1.86021     -1.40161      1.24989      1.28331      0.65457     -0.16485      0.01154      1.16119
     -1.63578     -1.46923      1.28113      1.25120      0.64271     -0.15330      0.00460      1.07987
     -1.40576     -1.51455      1.31237      1.21839      0.63084     -0.14076     -0.00203      0.99154
     -1.17280     -1.54148      1.34363      1.18632      0.61961     -0.12776     -0.00815      0.89992
     -0.93860     -1.55454      1.37489      1.15662      0.60969     -0.11503     -0.01357      0.81028
     -0.70401     -1.55839      1.40617      1.13104      0.60159     -0.10352     -0.01810      0.72922
     -0.46936     -1.55742      1.43744      1.11128      0.59567     -0.09427     -0.02154      0.66403
     -0.23469     -1.55525      1.46872      1.09877      0.59205     -0.08824     -0.02369      0.62157
      0.00000     -1.55425      1.50000      1.09446      0.59105     -0.08620     -0.02443      0.60720
      0.23469     -1.55525      1.53128      1.09877      0.59205     -0.08824     -0.02369      0.62157
      0.46936     -1.55742      1.56256      1.11128      0.59567     -0.09427     -0.02154      0.66403
      0.70401     -1.55839      1.59383      1.13104      0.60159     -0.10352     -0.01810      0.72922
      0.93860     -1.55454      1.62511      1.15662      0.60969     -0.11503     -0.01357      0.81028
      1.17280     -1.54148      1.65637      1.18632      0.61961     -0.12776     -0.00815      0.89992
      1.40576     -1.51455      1.68763      1.21839      0.63084     -0.14076     -0.00203      0.99154
      1.63578     -1.46923      1.71887      1.25120      0.64271     -0.15330      0.00460      1.07987
      1.86021     -1.40161      1.75011      1.28331      0.65457     -0.16485      0.01154      1.16119
      2.07539     -1.30875      1.78135      1.31356      0.66583     -0.17507      0.01855      1.23319
      2.27681     -1.18898      1.81258      1.34104      0.67605     -0.18380      0.02538      1.29472
      2.45941     -1.04211      1.84382      1.36507      0.68491     -0.19101      0.03177      1.34550
      2.61793     -0.86952      1.87505      1.38518      0.69222     -0.19673      0.03745      1.38581
      2.74737     -0.67415      1.90629      1.40107      0.69794     -0.20106      0.04217      1.41632
      2.84332     -0.46033      1.93752      1.41257      0.70159     -0.20407      0.04570      1.43751
      2.90242     -0.23354      1.96876      1.41946      0.70642     -0.20641      0.04791      1.45395
      2.92227      0.00000      2.00000      1.42177      0.70386     -0.20670      0.04865      1.45604
 >>>>       4           64
     19.20000      8.25319
      3.30321      0.00000      0.00000      1.43573      0.69881     -0.20490      0.06998      1.44334
      3.27943      0.25670      0.03124      1.43336      0.70155     -0.20487      0.06892      1.44313
      3.20867      0.50456      0.06247      1.42621      0.69653     -0.20292      0.06576      1.42938
      3.09406      0.73544      0.09370      1.41416      0.69284     -0.20083      0.06067      1.41471
      2.93999      0.94203      0.12493      1.39727      0.68675     -0.19761      0.05386      1.39201
      2.75225      1.11854      0.15615      1.37545      0.67866     -0.19306      0.04561      1.35993
      2.53754      1.26097      0.18737      1.34876      0.66835     -0.18688      0.03630      1.31641
      2.30293      1.36746      0.21859      1.31740      0.65581     -0.17883      0.02631      1.25968
      2.05523      1.43843      0.24981      1.28189      0.64122     -0.16872      0.01605      1.18846
      1.80032      1.47652      0.28104      1.24307      0.62501     -0.15651      0.00590      1.10250
      1.54265      1.48637      0.31228      1.20223      0.60795     -0.14240     -0.00383      1.00310
      1.28494      1.47428      0.34354      1.16114      0.59108     -0.12688     -0.01290      0.89375
      1.02818      1.44776      0.37481      1.12206      0.57559     -0.11083     -0.02108      0.78068
      0.77203      1.41497      0.40610      1.08758      0.56261     -0.09556     -0.02813      0.67316
      0.51559      1.38404      0.43740      1.06040      0.55297     -0.08275     -0.03368      0.58292
      0.25820      1.36212      0.46870      1.04295      0.54702     -0.07414     -0.03728      0.52223
      0.00000      1.35422      0.50000      1.03687      0.54540     -0.07120     -0.03853      0.50153
     -0.25820      1.36212      0.53130      1.04295      0.54702     -0.07414     -0.03728      0.52223
     -0.51559      1.38404      0.56260      1.06040      0.55297     -0.08275     -0.03368      0.58292
     -0.77203      1.41497      0.59390      1.08758      0.56261     -0.09556     -0.02813      0.67316
     -1.02818      1.44776      0.62519      1.12206      0.57559     -0.11083     -0.02108      0.78068
     -1.28494      1.47428      0.65646      1.16114      0.59108     -0.12688     -0.01290      0.89375
     -1.54265      1.48637      0.68772      1.20223      0.60795     -0.14240     -0.00383      1.00310
     -1.80032      1.47652      0.71896      1.24307      0.62501     -0.15651      0.00590      1.10250
     -2.05523      1.43843      0.75019      1.28189      0.64122     -0.16872      0.01605      1.18846
     -2.30293      1.36746      0.78141      1.31740      0.65581     -0.17883      0.02631      1.25968
     -2.53754      1.26097      0.81263      1.34876      0.66835     -0.18688      0.03630      1.31641
     -2.75225      1.11854      0.84385      1.37545      0.67866     -0.19306      0.04561      1.35993
     -2.93999      0.94203      0.87507      1.39727      0.68675     -0.19761      0.05386      1.39201
     -3.09406      0.73544      0.90630      1.41416      0.69284     -0.20083      0.06067      1.41471
     -3.20867      0.50456      0.93753      1.42621      0.69653     -0.20292      0.06576      1.42938
     -3.27943      0.25670      0.96876      1.43336      0.70155     -0.20487      0.06892      1.44313
     -3.30321      0.00000      1.00000      1.43573      0.69881     -0.20490      0.06998      1.44334
     -3.27943     -0.25670      1.03124      1.43336      0.70155     -0.20487      0.06892      1.44313
     -3.20867     -0.50456      1.06247      1.42621      0.69653     -0.20292      0.06576      1.42938
     -3.09406     -0.73544      1.09370      1.41416      0.69284     -0.20083      0.06067      1.41471
     -2.93999     -0.94203      1.12493      1.39727      0.68675     -0.19761      0.05386      1.39201
     -2.75225     -1.11854      1.15615      1.37545      0.67866     -0.19306      0.04561      1.35993
     -2.53754     -1.26097      1.18737      1.34876      0.66835     -0.18688      0.03630      1.31641
     -2.30293     -1.36746      1.21859      1.31740      0.65581     -0.17883      0.02631      1.25968
     -2.05523     -1.43843      1.24981      1.28189      0.64122     -0.16872      0.01605      1.18846
     -1.80032     -1.47652      1.28104      1.24307      0.62501     -0.15651      0.00590      1.10250
     -1.54265     -1.48637      1.31228      1.20223      0.60795     -0.14240     -0.00383      1.00310
     -1.28494     -1.47428      1.34354      1.16114      0.59108     -0.12688     -0.01290      0.89375
     -1.02818     -1.44776      1.37481      1.12206      0.57559     -0.11083     -0.02108      0.78068
     -0.77203     -1.41497      1.40610      1.08758      0.56261     -0.09556     -0.02813      0.67316
     -0.51559     -1.38404      1.43740      1.06040      0.55297     -0.08275     -0.03368      0.58292
     -0.25820     -1.36212      1.46870      1.04295      0.54702     -0.07414     -0.03728      0.52223
      0.00000     -1.35422      1.50000      1.03687      0.54540     -0.07120     -0.03853      0.50153
      0.25820     -1.36212      1.53130      1.04295      0.54702     -0.07414     -0.03728      0.52223
      0.51559     -1.38404      1.56260      1.06040      0.55297     -0.08275     -0.03368      0.58292
      0.77203     -1.41497      1.59390      1.08758      0.56261     -0.09556     -0.02813      0.67316
      1.02818     -1.44776      1.62519      1.12206      0.57559     -0.11083     -0.02108      0.78068
      1.28494     -1.47428      1.65646      1.16114      0.59108     -0.12688     -0.01290      0.89375
      1.54265     -1.48637      1.68772      1.20223      0.60795     -0.14240     -0.00383      1.00310
      1.80032     -1.47652      1.71896      1.24307      0.62501     -0.15651      0.00590      1.10250
      2.05523     -1.43843      1.75019      1.28189      0.64122     -0.16872      0.01605      1.18846
      2.30293     -1.36746      1.78141      1.31740      0.65581     -0.17883      0.02631      1.25968
      2.53754     -1.26097      1.81263      1.34876      0.66835     -0.18688      0.03630      1.31641
      2.75225     -1.11854      1.84385      1.37545      0.67866     -0.19306      0.04561      1.35993
      2.93999     -0.94203      1.87507      1.39727      0.68675     -0.19761      0.05386      1.39201
      3.09406     -0.73544      1.90630      1.41416      0.69284     -0.20083      0.06067      1.41471
      3.20867     -0.50456      1.93753      1.42621      0.69653     -0.20292      0.06576      1.42938
      3.27943     -0.25670      1.96876      1.43336      0.70155     -0.20487      0.06892      1.44313
      3.30321      0.00000      2.00000      1.43573      0.69881     -0.20490      0.06998      1.44334
 >>>>       5           64
     25.60000      9.38338
      3.79090      0.00000      0.00000      1.41338      0.68692     -0.19415      0.07907      1.36761
      3.76182      0.29161      0.03123      1.41123      0.68998     -0.19451      0.07780      1.37017
      3.67527      0.57152      0.06246      1.40469      0.68490     -0.19299      0.07401      1.35943
      3.53544      0.82899      0.09368      1.39355      0.68157     -0.19220      0.06791      1.35389
      3.34803      1.05411      0.12490      1.37761      0.67556     -0.19053      0.05972      1.34215
      3.12081      1.23883      0.15610      1.35647      0.66723     -0.18774      0.04978      1.32249
      2.86298      1.37751      0.18730      1.32982      0.65601     -0.18333      0.03856      1.29139
      2.58442      1.46741      0.21850      1.29758      0.64157     -0.17685      0.02663      1.24576
      2.29467      1.50909      0.24969      1.26001      0.62380     -0.16796      0.01456      1.18313
      2.00184      1.50639      0.28090      1.21789      0.60294     -0.15649      0.00287      1.10231
      1.71155      1.46615      0.31214      1.17261      0.57974     -0.14255     -0.00805      1.00418
      1.42628      1.39770      0.34340      1.12631      0.55542     -0.12668     -0.01804      0.89237
      1.14526      1.31240      0.37470      1.08177      0.53162     -0.10988     -0.02706      0.77402
      0.86521      1.22321      0.40602      1.04231      0.51012     -0.09368     -0.03510      0.65991
      0.58205      1.14421      0.43735      1.01129      0.49268     -0.08000     -0.04186      0.56354
      0.29325      1.08937      0.46868      0.99153      0.48093     -0.07079     -0.04658      0.49868
      0.00000      1.06969      0.50000      0.98463      0.47741     -0.06775     -0.04831      0.47722
     -0.29325      1.08937      0.53132      0.99153      0.48093     -0.07079     -0.04658      0.49868
     -0.58205      1.14421      0.56265      1.01129      0.49268     -0.08000     -0.04186      0.56354
     -0.86521      1.22321      0.59398      1.04231      0.51012     -0.09368     -0.03510      0.65991
     -1.14526      1.31240      0.62530      1.08177      0.53162     -0.10988     -0.02706      0.77402
     -1.42628      1.39770      0.65660      1.12631      0.55542     -0.12668     -0.01804      0.89237
     -1.71155      1.46615      0.68786      1.17261      0.57974     -0.14255     -0.00805      1.00418
     -2.00184      1.50639      0.71910      1.21789      0.60294     -0.15649      0.00287      1.10231
     -2.29467      1.50909      0.75031      1.26001      0.62380     -0.16796      0.01456      1.18313
     -2.58442      1.46741      0.78150      1.29758      0.64157     -0.17685      0.02663      1.24576
     -2.86298      1.37751      0.81270      1.32982      0.65601     -0.18333      0.03856      1.29139
     -3.12081      1.23883      0.84390      1.35647      0.66723     -0.18774      0.04978      1.32249
     -3.34803      1.05411      0.87510      1.37761      0.67556     -0.19053      0.05972      1.34215
     -3.53544      0.82899      0.90632      1.39355      0.68157     -0.19220      0.06791      1.35389
     -3.67527      0.57152      0.93754      1.40469      0.68490     -0.19299      0.07401      1.35943
     -3.76182      0.29161      0.96877      1.41123      0.68998     -0.19451      0.07780      1.37017
     -3.79090      0.00000      1.00000      1.41338      0.68692     -0.19415      0.07907      1.36761
     -3.76182     -0.29161      1.03123      1.41123      0.68998     -0.19451      0.07780      1.37017
     -3.67527     -0.57152      1.06246      1.40469      0.68490     -0.19299      0.07401      1.35943
     -3.53544     -0.82899      1.09368      1.39355      0.68157     -0.19220      0.06791      1.35389
     -3.34803     -1.05411      1.12490      1.37761      0.67556     -0.19053      0.05972      1.34215
     -3.12081     -1.23883      1.15610      1.35647      0.66723     -0.18774      0.04978      1.32249
     -2.86298     -1.37751      1.18730      1.32982      0.65601     -0.18333      0.03856      1.29139
     -2.58442     -1.46741      1.21850      1.29758      0.64157     -0.17685      0.02663      1.24576
     -2.29467     -1.50909      1.24969      1.26001      0.62380     -0.16796      0.01456      1.18313
     -2.00184     -1.50639      1.28090      1.21789      0.60294     -0.15649      0.00287      1.10231
     -1.71155     -1.46615      1.31214      1.17261      0.57974     -0.14255     -0.00805      1.00418
     -1.42628     -1.39770      1.34340      1.12631      0.55542     -0.12668     -0.01804      0.89237
     -1.14526     -1.31240      1.37470      1.08177      0.53162     -0.10988     -0.02706      0.77402
     -0.86521     -1.22321      1.40602      1.04231      0.51012     -0.09368     -0.03510      0.65991
     -0.58205     -1.14421      1.43735      1.01129      0.49268     -0.08000     -0.04186      0.56354
     -0.29325     -1.08937      1.46868      0.99153      0.48093     -0.07079     -0.04658      0.49868
      0.00000     -1.06969      1.50000      0.98463      0.47741     -0.06775     -0.04831      0.47722
      0.29325     -1.08937      1.53132      0.99153      0.48093     -0.07079     -0.04658      0.49868
      0.58205     -1.14421      1.56265      1.01129      0.49268     -0.08000     -0.04186      0.56354
      0.86521     -1.22321      1.59398      1.04231      0.51012     -0.09368     -0.03510      0.65991
      1.14526     -1.31240      1.62530      1.08177      0.53162     -0.10988     -0.02706      0.77402
      1.42628     -1.39770      1.65660      1.12631      0.55542     -0.12668     -0.01804      0.89237
      1.71155     -1.46615      1.68786      1.17261      0.57974     -0.14255     -0.00805      1.00418
      2.00184     -1.50639      1.71910      1.21789      0.60294     -0.15649      0.00287      1.10231
      2.29467     -1.50909      1.75031      1.26001      0.62380     -0.16796      0.01456      1.18313
      2.58442     -1.46741      1.78150      1.29758      0.64157     -0.17685      0.02663      1.24576
      2.86298     -1.37751      1.81270      1.32982      0.65601     -0.18333      0.03856      1.29139
      3.12081     -1.23883      1.84390      1.35647      0.66723     -0.18774      0.04978      1.32249
      3.34803     -1.05411      1.87510      1.37761      0.67556     -0.19053      0.05972      1.34215
      3.53544     -0.82899      1.90632      1.39355      0.68157     -0.19220      0.06791      1.35389
      3.67527     -0.57152      1.93754      1.40469      0.68490     -0.19299      0.07401      1.35943
      3.76182     -0.29161      1.96877      1.41123      0.68998     -0.19451      0.07780      1.37017
      3.79090      0.00000      2.00000      1.41338      0.68692     -0.19415      0.07907      1.36761
 >>>>       6           64
     32.00000     10.62141
      4.27730      0.00000      0.00000      1.37285      0.67465     -0.18368      0.07126      1.29384
      4.24211      0.32980      0.03123      1.37089      0.67811     -0.18442      0.06987      1.29906
      4.13734      0.64438      0.06244      1.36481      0.67268     -0.18283      0.06572      1.28787
      3.96877      0.92993      0.09366      1.35440      0.66961     -0.18291      0.05912      1.28842
      3.74387      1.17345      0.12487      1.33929      0.66339     -0.18200      0.05029      1.28200
      3.47315      1.36451      0.15607      1.31879      0.65461     -0.17998      0.03975      1.26777
      3.16917      1.49597      0.18725      1.29250      0.64241     -0.17616      0.02814      1.24088
      2.84535      1.56492      0.21842      1.26032      0.62637     -0.17009      0.01627      1.19814
      2.51439      1.57304      0.24959      1.22277      0.60635     -0.16153      0.00492      1.13786
      2.18644      1.52644      0.28078      1.18106      0.58261     -0.15061     -0.00525      1.06089
      1.86771      1.43484      0.31200      1.13726      0.55589     -0.13792     -0.01387      0.97152
      1.55964      1.31058      0.34327      1.09426      0.52722     -0.12464     -0.02094      0.87796
      1.25900      1.16799      0.37460      1.05548      0.49763     -0.11246     -0.02682      0.79215
      0.95901      1.02327      0.40596      1.02438      0.46791     -0.10331     -0.03203      0.72774
      0.65156      0.89510      0.43732      1.00340      0.43927     -0.09859     -0.03687      0.69451
      0.33117      0.80461      0.46867      0.99266      0.41548     -0.09782     -0.04083      0.68908
      0.00000      0.77161      0.50000      0.98944      0.40673     -0.09855     -0.04244      0.69422
     -0.33117      0.80461      0.53133      0.99266      0.41548     -0.09782     -0.04083      0.68908
     -0.65156      0.89510      0.56268      1.00340      0.43927     -0.09859     -0.03687      0.69451
     -0.95901      1.02327      0.59404      1.02438      0.46791     -0.10331     -0.03203      0.72774
     -1.25900      1.16799      0.62540      1.05548      0.49763     -0.11246     -0.02682      0.79215
     -1.55964      1.31058      0.65673      1.09426      0.52722     -0.12464     -0.02094      0.87796
     -1.86771      1.43484      0.68800      1.13726      0.55589     -0.13792     -0.01387      0.97152
     -2.18644      1.52644      0.71922      1.18106      0.58261     -0.15061     -0.00525      1.06089
     -2.51439      1.57304      0.75041      1.22277      0.60635     -0.16153      0.00492      1.13786
     -2.84535      1.56492      0.78158      1.26032      0.62637     -0.17009      0.01627      1.19814
     -3.16917      1.49597      0.81275      1.29250      0.64241     -0.17616      0.02814      1.24088
     -3.47315      1.36451      0.84393      1.31879      0.65461     -0.17998      0.03975      1.26777
     -3.74387      1.17345      0.87513      1.33929      0.66339     -0.18200      0.05029      1.28200
     -3.96877      0.92993      0.90634      1.35440      0.66961     -0.18291      0.05912      1.28842
     -4.13734      0.64438      0.93756      1.36481      0.67268     -0.18283      0.06572      1.28787
     -4.24211      0.32980      0.96877      1.37089      0.67811     -0.18442      0.06987      1.29906
     -4.27730      0.00000      1.00000      1.37285      0.67465     -0.18368      0.07126      1.29384
     -4.24211     -0.32980      1.03123      1.37089      0.67811     -0.18442      0.06987      1.29906
     -4.13734     -0.64438      1.06244      1.36481      0.67268     -0.18283      0.06572      1.28787
     -3.96877     -0.92993      1.09366      1.35440      0.66961     -0.18291      0.05912      1.28842
     -3.74387     -1.17345      1.12487      1.33929      0.66339     -0.18200      0.05029      1.28200
     -3.47315     -1.36451      1.15607      1.31879      0.65461     -0.17998      0.03975      1.26777
     -3.16917     -1.49597      1.18725      1.29250      0.64241     -0.17616      0.02814      1.24088
     -2.84535     -1.56492      1.21842      1.26032      0.62637     -0.17009      0.01627      1.19814
     -2.51439     -1.57304      1.24959      1.22277      0.60635     -0.16153      0.00492      1.13786
     -2.18644     -1.52644      1.28078      1.18106      0.58261     -0.15061     -0.00525      1.06089
     -1.86771     -1.43484      1.31200      1.13726      0.55589     -0.13792     -0.01387      0.97152
     -1.55964     -1.31058      1.34327      1.09426      0.52722     -0.12464     -0.02094      0.87796
     -1.25900     -1.16799      1.37460      1.05548      0.49763     -0.11246     -0.02682      0.79215
     -0.95901     -1.02327      1.40596      1.02438      0.46791     -0.10331     -0.03203      0.72774
     -0.65156     -0.89510      1.43732      1.00340      0.43927     -0.09859     -0.03687      0.69451
     -0.33117     -0.80461      1.46867      0.99266      0.41548     -0.09782     -0.04083      0.68908
      0.00000     -0.77161      1.50000      0.98944      0.40673     -0.09855     -0.04244      0.69422
      0.33117     -0.80461      1.53133      0.99266      0.41548     -0.09782     -0.04083      0.68908
      0.65156     -0.89510      1.56268      1.00340      0.43927     -0.09859     -0.03687      0.69451
      0.95901     -1.02327      1.59404      1.02438      0.46791     -0.10331     -0.03203      0.72774
      1.25900     -1.16799      1.62540      1.05548      0.49763     -0.11246     -0.02682      0.79215
      1.55964     -1.31058      1.65673      1.09426      0.52722     -0.12464     -0.02094      0.87796
      1.86771     -1.43484      1.68800      1.13726      0.55589     -0.13792     -0.01387      0.97152
      2.18644     -1.52644      1.71922      1.18106      0.58261     -0.15061     -0.00525      1.06089
      2.51439     -1.57304      1.75041      1.22277      0.60635     -0.16153      0.00492      1.13786
      2.84535     -1.56492      1.78158      1.26032      0.62637     -0.17009      0.01627      1.19814
      3.16917     -1.49597      1.81275      1.29250      0.64241     -0.17616      0.02814      1.24088
      3.47315     -1.36451      1.84393      1.31879      0.65461     -0.17998      0.03975      1.26777
      3.74387     -1.17345      1.87513      1.33929      0.66339     -0.18200      0.05029      1.28200
      3.96877     -0.92993      1.90634      1.35440      0.66961     -0.18291      0.05912      1.28842
      4.13734     -0.64438      1.93756      1.36481      0.67268     -0.18283      0.06572      1.28787
      4.24211     -0.32980      1.96877      1.37089      0.67811     -0.18442      0.06987      1.29906
      4.27730      0.00000      2.00000      1.37285      0.67465     -0.18368      0.07126      1.29384
 >>>>       7           64
     38.40000     11.66488
      4.69887      0.00000      0.00000      1.34706      0.66763     -0.17973      0.06098      1.26605
      4.65742      0.36188      0.03123      1.34490      0.67156     -0.18077      0.05942      1.27336
      4.53402      0.70440      0.06244      1.33817      0.66519     -0.17841      0.05477      1.25672
      4.33690      1.01061      0.09366      1.32680      0.66195     -0.17862      0.04751      1.25825
      4.07592      1.26433      0.12486      1.31035      0.65467     -0.17714      0.03802      1.24781
      3.76524      1.45359      0.15605      1.28816      0.64470     -0.17431      0.02712      1.22790
      3.42125      1.57115      0.18721      1.26011      0.63095     -0.16930      0.01575      1.19259
      3.06068      1.61578      0.21836      1.22670      0.61338     -0.16194      0.00496      1.14072
      2.69815      1.59214      0.24950      1.18931      0.59221     -0.15246     -0.00433      1.07397
      2.34403      1.50970      0.28067      1.15025      0.56810     -0.14174     -0.01152      0.99841
      2.00329      1.38109      0.31189      1.11269      0.54182     -0.13130     -0.01644      0.92488
      1.67553      1.22047      0.34318      1.08038      0.51379     -0.12332     -0.01944      0.86867
      1.35589      1.04264      0.37454      1.05706      0.48352     -0.12036     -0.02130      0.84781
      1.03658      0.86337      0.40593      1.04556      0.44939     -0.12483     -0.02316      0.87931
      0.70828      0.70138      0.43732      1.04653      0.40932     -0.13788     -0.02609      0.97123
      0.36265      0.58193      0.46867      1.05586      0.36602     -0.15609     -0.02995      1.09954
      0.00000      0.53645      0.50000      1.06146      0.34549     -0.16646     -0.03203      1.17256
     -0.36265      0.58193      0.53133      1.05586      0.36602     -0.15609     -0.02995      1.09954
     -0.70828      0.70138      0.56268      1.04653      0.40932     -0.13788     -0.02609      0.97123
     -1.03658      0.86337      0.59407      1.04556      0.44939     -0.12483     -0.02316      0.87931
     -1.35589      1.04264      0.62546      1.05706      0.48352     -0.12036     -0.02130      0.84781
     -1.67553      1.22047      0.65682      1.08038      0.51379     -0.12332     -0.01944      0.86867
     -2.00329      1.38109      0.68811      1.11269      0.54182     -0.13130     -0.01644      0.92488
     -2.34403      1.50970      0.71933      1.15025      0.56810     -0.14174     -0.01152      0.99841
     -2.69815      1.59214      0.75050      1.18931      0.59221     -0.15246     -0.00433      1.07397
     -3.06068      1.61578      0.78164      1.22670      0.61338     -0.16194      0.00496      1.14072
     -3.42125      1.57115      0.81279      1.26011      0.63095     -0.16930      0.01575      1.19259
     -3.76524      1.45359      0.84395      1.28816      0.64470     -0.17431      0.02712      1.22790
     -4.07592      1.26433      0.87514      1.31035      0.65467     -0.17714      0.03802      1.24781
     -4.33690      1.01061      0.90634      1.32680      0.66195     -0.17862      0.04751      1.25825
     -4.53402      0.70440      0.93756      1.33817      0.66519     -0.17841      0.05477      1.25672
     -4.65742      0.36188      0.96877      1.34490      0.67156     -0.18077      0.05942      1.27336
     -4.69887      0.00000      1.00000      1.34706      0.66763     -0.17973      0.06098      1.26605
     -4.65742     -0.36188      1.03123      1.34490      0.67156     -0.18077      0.05942      1.27336
     -4.53402     -0.70440      1.06244      1.33817      0.66519     -0.17841      0.05477      1.25672
     -4.33690     -1.01061      1.09366      1.32680      0.66195     -0.17862      0.04751      1.25825
     -4.07592     -1.26433      1.12486      1.31035      0.65467     -0.17714      0.03802      1.24781
     -3.76524     -1.45359      1.15605      1.28816      0.64470     -0.17431      0.02712      1.22790
     -3.42125     -1.57115      1.18721      1.26011      0.63095     -0.16930      0.01575      1.19259
     -3.06068     -1.61578      1.21836      1.22670      0.61338     -0.16194      0.00496      1.14072
     -2.69815     -1.59214      1.24950      1.18931      0.59221     -0.15246     -0.00433      1.07397
     -2.34403     -1.50970      1.28067      1.15025      0.56810     -0.14174     -0.01152      0.99841
     -2.00329     -1.38109      1.31189      1.11269      0.54182     -0.13130     -0.01644      0.92488
     -1.67553     -1.22047      1.34318      1.08038      0.51379     -0.12332     -0.01944      0.86867
     -1.35589     -1.04264      1.37454      1.05706      0.48352     -0.12036     -0.02130      0.84781
     -1.03658     -0.86337      1.40593      1.04556      0.44939     -0.12483     -0.02316      0.87931
     -0.70828     -0.70138      1.43732      1.04653      0.40932     -0.13788     -0.02609      0.97123
     -0.36265     -0.58193      1.46867      1.05586      0.36602     -0.15609     -0.02995      1.09954
      0.00000     -0.53645      1.50000      1.06146      0.34549     -0.16646     -0.03203      1.17256
      0.36265     -0.58193      1.53133      1.05586      0.36602     -0.15609     -0.02995      1.09954
      0.70828     -0.70138      1.56268      1.04653      0.40932     -0.13788     -0.02609      0.97123
      1.03658     -0.86337      1.59407      1.04556      0.44939     -0.12483     -0.02316      0.87931
      1.35589     -1.04264      1.62546      1.05706      0.48352     -0.12036     -0.02130      0.84781
      1.67553     -1.22047      1.65682      1.08038      0.51379     -0.12332     -0.01944      0.86867
      2.00329     -1.38109      1.68811      1.11269      0.54182     -0.13130     -0.01644      0.92488
      2.34403     -1.50970      1.71933      1.15025      0.56810     -0.14174     -0.01152      0.99841
      2.69815     -1.59214      1.75050      1.18931      0.59221     -0.15246     -0.00433      1.07397
      3.06068     -1.61578      1.78164      1.22670      0.61338     -0.16194      0.00496      1.14072
      3.42125     -1.57115      1.81279      1.26011      0.63095     -0.16930      0.01575      1.19259
      3.76524     -1.45359      1.84395      1.28816      0.64470     -0.17431      0.02712      1.22790
      4.07592     -1.26433      1.87514      1.31035      0.65467     -0.17714      0.03802      1.24781
      4.33690     -1.01061      1.90634      1.32680      0.66195     -0.17862      0.04751      1.25825
      4.53402     -0.70440      1.93756      1.33817      0.66519     -0.17841      0.05477      1.25672
      4.65742     -0.36188      1.96877      1.34490      0.67156     -0.18077      0.05942      1.27336
      4.69887      0.00000      2.00000      1.34706      0.66763     -0.17973      0.06098      1.26605
 >>>>       8           64
     44.80000     12.53781
      5.06654      0.00000      0.00000      1.34068      0.66579     -0.18186      0.05453      1.28108
      5.01819      0.38853      0.03123      1.33781      0.67028     -0.18310      0.05267      1.28981
      4.87450      0.75245      0.06243      1.32887      0.66213     -0.17903      0.04714      1.26114
      4.64751      1.07140      0.09366      1.31425      0.65816     -0.17857      0.03881      1.25789
      4.35071      1.32617      0.12486      1.29363      0.64867     -0.17497      0.02832      1.23248
      4.00308      1.50486      0.15603      1.26684      0.63663     -0.16975      0.01700      1.19577
      3.62497      1.60245      0.18718      1.23470      0.62078     -0.16199      0.00618      1.14108
      3.23519      1.62184      0.21830      1.19895      0.60196     -0.15225     -0.00286      1.07244
      2.84803      1.57232      0.24943      1.16245      0.58098     -0.14163     -0.00917      0.99766
      2.47170      1.46704      0.28060      1.12894      0.55880     -0.13210     -0.01235      0.93051
      2.10862      1.32030      0.31184      1.10256      0.53590     -0.12629     -0.01263      0.88959
      1.75715      1.14529      0.34315      1.08710      0.51166     -0.12723     -0.01098      0.89625
      1.41385      0.95287      0.37454      1.08507      0.48389     -0.13792     -0.00939      0.97155
      1.07498      0.75183      0.40597      1.09695      0.44851     -0.16109     -0.01125      1.13473
      0.73547      0.55232      0.43738      1.12143      0.39929     -0.20034     -0.02199      1.41122
      0.38351      0.37795      0.46870      1.15683      0.31725     -0.26412     -0.04713      1.86049
      0.00000      0.29498      0.50000      1.18167      0.24048     -0.32109     -0.07052      2.26177
     -0.38351      0.37795      0.53130      1.15683      0.31725     -0.26412     -0.04713      1.86049
     -0.73547      0.55232      0.56262      1.12143      0.39929     -0.20034     -0.02199      1.41122
     -1.07498      0.75183      0.59403      1.09695      0.44851     -0.16109     -0.01125      1.13473
     -1.41385      0.95287      0.62546      1.08507      0.48389     -0.13792     -0.00939      0.97155
     -1.75715      1.14529      0.65685      1.08710      0.51166     -0.12723     -0.01098      0.89625
     -2.10862      1.32030      0.68816      1.10256      0.53590     -0.12629     -0.01263      0.88959
     -2.47170      1.46704      0.71940      1.12894      0.55880     -0.13210     -0.01235      0.93051
     -2.84803      1.57232      0.75057      1.16245      0.58098     -0.14163     -0.00917      0.99766
     -3.23519      1.62184      0.78170      1.19895      0.60196     -0.15225     -0.00286      1.07244
     -3.62497      1.60245      0.81282      1.23470      0.62078     -0.16199      0.00618      1.14108
     -4.00308      1.50486      0.84397      1.26684      0.63663     -0.16975      0.01700      1.19577
     -4.35071      1.32617      0.87514      1.29363      0.64867     -0.17497      0.02832      1.23248
     -4.64751      1.07140      0.90634      1.31425      0.65816     -0.17857      0.03881      1.25789
     -4.87450      0.75245      0.93757      1.32887      0.66213     -0.17903      0.04714      1.26114
     -5.01819      0.38853      0.96877      1.33781      0.67028     -0.18310      0.05267      1.28981
     -5.06654      0.00000      1.00000      1.34068      0.66579     -0.18186      0.05453      1.28108
     -5.01819     -0.38853      1.03123      1.33781      0.67028     -0.18310      0.05267      1.28981
     -4.87450     -0.75245      1.06243      1.32887      0.66213     -0.17903      0.04714      1.26114
     -4.64751     -1.07140      1.09366      1.31425      0.65816     -0.17857      0.03881      1.25789
     -4.35071     -1.32617      1.12486      1.29363      0.64867     -0.17497      0.02832      1.23248
     -4.00308     -1.50486      1.15603      1.26684      0.63663     -0.16975      0.01700      1.19577
     -3.62497     -1.60245      1.18718      1.23470      0.62078     -0.16199      0.00618      1.14108
     -3.23519     -1.62184      1.21830      1.19895      0.60196     -0.15225     -0.00286      1.07244
     -2.84803     -1.57232      1.24943      1.16245      0.58098     -0.14163     -0.00917      0.99766
     -2.47170     -1.46704      1.28060      1.12894      0.55880     -0.13210     -0.01235      0.93051
     -2.10862     -1.32030      1.31184      1.10256      0.53590     -0.12629     -0.01263      0.88959
     -1.75715     -1.14529      1.34315      1.08710      0.51166     -0.12723     -0.01098      0.89625
     -1.41385     -0.95287      1.37454      1.08507      0.48389     -0.13792     -0.00939      0.97155
     -1.07498     -0.75183      1.40597      1.09695      0.44851     -0.16109     -0.01125      1.13473
     -0.73547     -0.55232      1.43738      1.12143      0.39929     -0.20034     -0.02199      1.41122
     -0.38351     -0.37795      1.46870      1.15683      0.31725     -0.26412     -0.04713      1.86049
      0.00000     -0.29498      1.50000      1.18167      0.24048     -0.32109     -0.07052      2.26177
      0.38351     -0.37795      1.53130      1.15683      0.31725     -0.26412     -0.04713      1.86049
      0.73547     -0.55232      1.56262      1.12143      0.39929     -0.20034     -0.02199      1.41122
      1.07498     -0.75183      1.59403      1.09695      0.44851     -0.16109     -0.01125      1.13473
      1.41385     -0.95287      1.62546      1.08507      0.48389     -0.13792     -0.00939      0.97155
      1.75715     -1.14529      1.65685      1.08710      0.51166     -0.12723     -0.01098      0.89625
      2.10862     -1.32030      1.68816      1.10256      0.53590     -0.12629     -0.01263      0.88959
      2.47170     -1.46704      1.71940      1.12894      0.55880     -0.13210     -0.01235      0.93051
      2.84803     -1.57232      1.75057      1.16245      0.58098     -0.14163     -0.00917      0.99766
      3.23519     -1.62184      1.78170      1.19895      0.60196     -0.15225     -0.00286      1.07244
      3.62497     -1.60245      1.81282      1.23470      0.62078     -0.16199      0.00618      1.14108
      4.00308     -1.50486      1.84397      1.26684      0.63663     -0.16975      0.01700      1.19577
      4.35071     -1.32617      1.87514      1.29363      0.64867     -0.17497      0.02832      1.23248
      4.64751     -1.07140      1.90634      1.31425      0.65816     -0.17857      0.03881      1.25789
      4.87450     -0.75245      1.93757      1.32887      0.66213     -0.17903      0.04714      1.26114
      5.01819     -0.38853      1.96877      1.33781      0.67028     -0.18310      0.05267      1.28981
      5.06654      0.00000      2.00000      1.34068      0.66579     -0.18186      0.05453      1.28108
 >>>>       9           64
     46.02901     12.90875
      5.13303      0.00000      0.00000      1.34104      0.66594     -0.18302      0.05325      1.28924
      5.08112      0.40132      0.03135      1.33785      0.67050     -0.18420      0.05163      1.29754
      4.92708      0.77520      0.06267      1.32783      0.66166     -0.17959      0.04527      1.26503
      4.68491      1.09934      0.09402      1.31157      0.65724     -0.17881      0.03629      1.25953
      4.37014      1.35305      0.12534      1.28879      0.64666     -0.17429      0.02507      1.22771
      4.00433      1.52456      0.15663      1.25954      0.63351     -0.16803      0.01319      1.18363
      3.60983      1.61020      0.18791      1.22510      0.61647     -0.15906      0.00223      1.12043
      3.20635      1.61517      0.21917      1.18785      0.59675     -0.14830     -0.00641      1.04462
      2.80781      1.55125      0.25043      1.15141      0.57539     -0.13727     -0.01174      0.96697
      2.42116      1.43360      0.28174      1.12024      0.55342     -0.12846     -0.01335      0.90486
      2.04743      1.27748      0.31312      1.09899      0.53107     -0.12500     -0.01148      0.88052
      1.68433      1.09569      0.34457      1.09145      0.50719     -0.13044     -0.00716      0.91882
      1.32910      0.89709      0.37610      1.09956      0.47876     -0.14859     -0.00274      1.04667
      0.98037      0.68636      0.40767      1.12285      0.44121     -0.18530      0.00599      1.30528
      0.63790      0.46603      0.43921      1.16047      0.37025     -0.25978     -0.09376      1.82991
      0.30009      0.24219      0.47061      1.19216      0.32819     -0.50259      2.68860      3.54030
      0.00000      0.00997      0.50000      1.26683     -0.21242    -13.50259    -37.43405     95.11414
     -0.30009      0.24219      0.52939      1.19216      0.32819     -0.50259      2.68860      3.54030
     -0.63790      0.46603      0.56079      1.16047      0.37025     -0.25978     -0.09376      1.82991
     -0.98037      0.68636      0.59233      1.12285      0.44121     -0.18530      0.00599      1.30528
     -1.32910      0.89709      0.62390      1.09956      0.47876     -0.14859     -0.00274      1.04667
     -1.68433      1.09569      0.65543      1.09145      0.50719     -0.13044     -0.00716      0.91882
     -2.04743      1.27748      0.68688      1.09899      0.53107     -0.12500     -0.01148      0.88052
     -2.42116      1.43360      0.71826      1.12024      0.55342     -0.12846     -0.01335      0.90486
     -2.80781      1.55125      0.74957      1.15141      0.57539     -0.13727     -0.01174      0.96697
     -3.20635      1.61517      0.78083      1.18785      0.59675     -0.14830     -0.00641      1.04462
     -3.60983      1.61020      0.81209      1.22510      0.61647     -0.15906      0.00223      1.12043
     -4.00433      1.52456      0.84337      1.25954      0.63351     -0.16803      0.01319      1.18363
     -4.37014      1.35305      0.87466      1.28879      0.64666     -0.17429      0.02507      1.22771
     -4.68491      1.09934      0.90598      1.31157      0.65724     -0.17881      0.03629      1.25953
     -4.92708      0.77520      0.93733      1.32783      0.66166     -0.17959      0.04527      1.26503
     -5.08112      0.40132      0.96865      1.33785      0.67050     -0.18420      0.05163      1.29754
     -5.13303      0.00000      1.00000      1.34104      0.66594     -0.18302      0.05325      1.28924
     -5.08112     -0.40132      1.03135      1.33785      0.67050     -0.18420      0.05163      1.29754
     -4.92708     -0.77520      1.06267      1.32783      0.66166     -0.17959      0.04527      1.26503
     -4.68491     -1.09934      1.09402      1.31157      0.65724     -0.17881      0.03629      1.25953
     -4.37014     -1.35305      1.12534      1.28879      0.64666     -0.17429      0.02507      1.22771
     -4.00433     -1.52456      1.15663      1.25954      0.63351     -0.16803      0.01319      1.18363
     -3.60983     -1.61020      1.18791      1.22510      0.61647     -0.15906      0.00223      1.12043
     -3.20635     -1.61517      1.21917      1.18785      0.59675     -0.14830     -0.00641      1.04462
     -2.80781     -1.55125      1.25043      1.15141      0.57539     -0.13727     -0.01174      0.96697
     -2.42116     -1.43360      1.28174      1.12024      0.55342     -0.12846     -0.01335      0.90486
     -2.04743     -1.27748      1.31312      1.09899      0.53107     -0.12500     -0.01148      0.88052
     -1.68433     -1.09569      1.34457      1.09145      0.50719     -0.13044     -0.00716      0.91882
     -1.32910     -0.89709      1.37610      1.09956      0.47876     -0.14859     -0.00274      1.04667
     -0.98037     -0.68636      1.40767      1.12285      0.44121     -0.18530      0.00599      1.30528
     -0.63790     -0.46603      1.43921      1.16047      0.37025     -0.25978     -0.09376      1.82991
     -0.30009     -0.24219      1.47061      1.19216      0.32819     -0.50259      2.68860      3.54030
      0.00000     -0.00997      1.50000      1.26683     -0.21242    -13.50259    -37.43405     95.11414
      0.30009     -0.24219      1.52939      1.19216      0.32819     -0.50259      2.68860      3.54030
      0.63790     -0.46603      1.56079      1.16047      0.37025     -0.25978     -0.09376      1.82991
      0.98037     -0.68636      1.59233      1.12285      0.44121     -0.18530      0.00599      1.30528
      1.32910     -0.89709      1.62390      1.09956      0.47876     -0.14859     -0.00274      1.04667
      1.68433     -1.09569      1.65543      1.09145      0.50719     -0.13044     -0.00716      0.91882
      2.04743     -1.27748      1.68688      1.09899      0.53107     -0.12500     -0.01148      0.88052
      2.42116     -1.43360      1.71826      1.12024      0.55342     -0.12846     -0.01335      0.90486
      2.80781     -1.55125      1.74957      1.15141      0.57539     -0.13727     -0.01174      0.96697
      3.20635     -1.61517      1.78083      1.18785      0.59675     -0.14830     -0.00641      1.04462
      3.60983     -1.61020      1.81209      1.22510      0.61647     -0.15906      0.00223      1.12043
      4.00433     -1.52456      1.84337      1.25954      0.63351     -0.16803      0.01319      1.18363
      4.37014     -1.35305      1.87466      1.28879      0.64666     -0.17429      0.02507      1.22771
      4.68491     -1.09934      1.90598      1.31157      0.65724     -0.17881      0.03629      1.25953
      4.92708     -0.77520      1.93733      1.32783      0.66166     -0.17959      0.04527      1.26503
      5.08112     -0.40132      1.96865      1.33785      0.67050     -0.18420      0.05163      1.29754
      5.13303      0.00000      2.00000      1.34104      0.66594     -0.18302      0.05325      1.28924
 >>>>       0            0
