 >>>>       1           64
      0.00000      6.87749
      2.50000      0.00000      0.00000      1.37484      0.72632     -0.19282      0.01998      1.28547
      2.48524      0.21434      0.03124      1.37318      0.72776     -0.19190      0.02891      1.27932
      2.44131      0.42466      0.06248      1.36833      0.72505     -0.19069      0.02515      1.27130
      2.36932      0.62710      0.09372      1.36004      0.72113     -0.18874      0.02338      1.25825
      2.27097      0.81813      0.12496      1.34860      0.71571     -0.18608      0.02031      1.24055
      2.14853      0.99470      0.15620      1.33418      0.70884     -0.18279      0.01602      1.21859
      2.00466      1.15431      0.18745      1.31701      0.70071     -0.17887      0.01060      1.19250
      1.84230      1.29508      0.21869      1.29731      0.69116     -0.17437      0.00365      1.16243
      1.66449      1.41578      0.24994      1.27537      0.68041     -0.16916     -0.00434      1.12772
      1.47430      1.51587      0.28119      1.25154      0.66829     -0.16312     -0.01334      1.08748
      1.27468      1.59554      0.31244      1.22633      0.65492     -0.15599     -0.02242      1.03993
      1.06833      1.65571      0.34370      1.20045      0.64042     -0.14743     -0.03009      0.98284
      0.85760      1.69815      0.37495      1.17503      0.62536     -0.13714     -0.03375      0.91424
      0.64435      1.72541      0.40621      1.15170      0.61114     -0.12520     -0.02994      0.83464
      0.42990      1.74081      0.43747      1.13265      0.60010     -0.11276     -0.01691      0.75172
      0.21501      1.74800      0.46874      1.12013      0.59410     -0.10266      0.00019      0.68438
      0.00000      1.75000      0.50000      1.11576      0.59253     -0.09866      0.00875      0.65777
     -0.21501      1.74800      0.53126      1.12013      0.59410     -0.10266      0.00019      0.68438
     -0.42990      1.74081      0.56253      1.13265      0.60010     -0.11276     -0.01691      0.75172
     -0.64435      1.72541      0.59379      1.15170      0.61114     -0.12520     -0.02994      0.83464
     -0.85760      1.69815      0.62505      1.17503      0.62536     -0.13714     -0.03375      0.91424
     -1.06833      1.65571      0.65630      1.20045      0.64042     -0.14743     -0.03009      0.98284
     -1.27468      1.59554      0.68756      1.22633      0.65492     -0.15599     -0.02242      1.03993
     -1.47430      1.51587      0.71881      1.25154      0.66829     -0.16312     -0.01334      1.08748
     -1.66449      1.41578      0.75006      1.27537      0.68041     -0.16916     -0.00434      1.12772
     -1.84230      1.29508      0.78131      1.29731      0.69116     -0.17437      0.00365      1.16243
     -2.00466      1.15431      0.81255      1.31701      0.70071     -0.17887      0.01060      1.19250
     -2.14853      0.99470      0.84380      1.33418      0.70884     -0.18279      0.01602      1.21859
     -2.27097      0.81813      0.87504      1.34860      0.71571     -0.18608      0.02031      1.24055
     -2.36932      0.62710      0.90628      1.36004      0.72113     -0.18874      0.02338      1.25825
     -2.44131      0.42466      0.93752      1.36833      0.72505     -0.19069      0.02515      1.27130
     -2.48524      0.21434      0.96876      1.37318      0.72776     -0.19190      0.02891      1.27932
     -2.50000      0.00000      1.00000      1.37484      0.72632     -0.19282      0.01998      1.28547
     -2.48524     -0.21434      1.03124      1.37318      0.72776     -0.19190      0.02891      1.27932
     -2.44131     -0.42466      1.06248      1.36833      0.72505     -0.19069      0.02515      1.27130
     -2.36932     -0.62710      1.09372      1.36004      0.72113     -0.18874      0.02338      1.25825
     -2.27097     -0.81813      1.12496      1.34860      0.71571     -0.18608      0.02031      1.24055
     -2.14853     -0.99470      1.15620      1.33418      0.70884     -0.18279      0.01602      1.21859
     -2.00466     -1.15431      1.18745      1.31701      0.70071     -0.17887      0.01060      1.19250
     -1.84230     -1.29508      1.21869      1.29731      0.69116     -0.17437      0.00365      1.16243
     -1.66449     -1.41578      1.24994      1.27537      0.68041     -0.16916     -0.00434      1.12772
     -1.47430     -1.51587      1.28119      1.25154      0.66829     -0.16312     -0.01334      1.08748
     -1.27468     -1.59554      1.31244      1.22633      0.65492     -0.15599     -0.02242      1.03993
     -1.06833     -1.65571      1.34370      1.20045      0.64042     -0.14743     -0.03009      0.98284
     -0.85760     -1.69815      1.37495      1.17503      0.62536     -0.13714     -0.03375      0.91424
     -0.64435     -1.72541      1.40621      1.15170      0.61114     -0.12520     -0.02994      0.83464
     -0.42990     -1.74081      1.43747      1.13265      0.60010     -0.11276     -0.01691      0.75172
     -0.21501     -1.74800      1.46874      1.12013      0.59410     -0.10266      0.00019      0.68438
      0.00000     -1.75000      1.50000      1.11576      0.59253     -0.09866      0.00875      0.65777
      0.21501     -1.74800      1.53126      1.12013      0.59410     -0.10266      0.00019      0.68438
      0.42990     -1.74081      1.56253      1.13265      0.60010     -0.11276     -0.01691      0.75172
      0.64435     -1.72541      1.59379      1.15170      0.61114     -0.12520     -0.02994      0.83464
      0.85760     -1.69815      1.62505      1.17503      0.62536     -0.13714     -0.03375      0.91424
      1.06833     -1.65571      1.65630      1.20045      0.64042     -0.14743     -0.03009      0.98284
      1.27468     -1.59554      1.68756      1.22633      0.65492     -0.15599     -0.02242      1.03993
      1.47430     -1.51587      1.71881      1.25154      0.66829     -0.16312     -0.01334      1.08748
      1.66449     -1.41578      1.75006      1.27537      0.68041     -0.16916     -0.00434      1.12772
      1.84230     -1.29508      1.78131      1.29731      0.69116     -0.17437      0.00365      1.16243
      2.00466     -1.15431      1.81255      1.31701      0.70071     -0.17887      0.01060      1.19250
      2.14853     -0.99470      1.84380      1.33418      0.70884     -0.18279      0.01602      1.21859
      2.27097     -0.81813      1.87504      1.34860      0.71571     -0.18608      0.02031      1.24055
      2.36932     -0.62710      1.90628      1.36004      0.72113     -0.18874      0.02338      1.25825
      2.44131     -0.42466      1.93752      1.36833      0.72505     -0.19069      0.02515      1.27130
      2.48524     -0.21434      1.96876      1.37318      0.72776     -0.19190      0.02891      1.27932
      2.50000      0.00000      2.00000      1.37484      0.72632     -0.19282      0.01998      1.28547
 >>>>       2           64
      6.45760      7.23197
      2.76389      0.00000      0.00000      1.46238      0.75946     -0.21442      0.05216      1.42950
      2.74577      0.22522      0.03124      1.45938      0.75686     -0.21396      0.05136      1.42639
      2.69181      0.44460      0.06248      1.45131      0.75414     -0.21180      0.04900      1.41203
      2.60397      0.65274      0.09372      1.43733      0.74650     -0.20862      0.04520      1.39082
      2.48511      0.84487      0.12496      1.41811      0.73690     -0.20412      0.04012      1.36083
      2.33898      1.01715      0.15620      1.39395      0.72463     -0.19823      0.03401      1.32152
      2.16985      1.16692      0.18744      1.36536      0.70996     -0.19089      0.02713      1.27259
      1.98224      1.29279      0.21867      1.33300      0.69324     -0.18212      0.01977      1.21411
      1.78059      1.39469      0.24992      1.29779      0.67498     -0.17200      0.01222      1.14669
      1.56892      1.47375      0.28116      1.26088      0.65588     -0.16076      0.00476      1.07173
      1.35061      1.53218      0.31241      1.22367      0.63679     -0.14875     -0.00236      0.99165
      1.12829      1.57296      0.34366      1.18777      0.61866     -0.13650     -0.00890      0.91000
      0.90379      1.59955      0.37492      1.15494      0.60243     -0.12472     -0.01465      0.83144
      0.67825      1.61550      0.40619      1.12698      0.58898     -0.11423     -0.01941      0.76152
      0.45228      1.62414      0.43746      1.10559      0.57895     -0.10591     -0.02298      0.70606
      0.22616      1.62815      0.46873      1.09215      0.57285     -0.10055     -0.02521      0.67030
      0.00000      1.62928      0.50000      1.08751      0.57067     -0.09872     -0.02596      0.65816
     -0.22616      1.62815      0.53127      1.09215      0.57285     -0.10055     -0.02521      0.67030
     -0.45228      1.62414      0.56254      1.10559      0.57895     -0.10591     -0.02298      0.70606
     -0.67825      1.61550      0.59381      1.12698      0.58898     -0.11423     -0.01941      0.76152
     -0.90379      1.59955      0.62508      1.15494      0.60243     -0.12472     -0.01465      0.83144
     -1.12829      1.57296      0.65634      1.18777      0.61866     -0.13650     -0.00890      0.91000
     -1.35061      1.53218      0.68759      1.22367      0.63679     -0.14875     -0.00236      0.99165
     -1.56892      1.47375      0.71884      1.26088      0.65588     -0.16076      0.00476      1.07173
     -1.78059      1.39469      0.75008      1.29779      0.67498     -0.17200      0.01222      1.14669
     -1.98224      1.29279      0.78133      1.33300      0.69324     -0.18212      0.01977      1.21411
     -2.16985      1.16692      0.81256      1.36536      0.70996     -0.19089      0.02713      1.27259
     -2.33898      1.01715      0.84380      1.39395      0.72463     -0.19823      0.03401      1.32152
     -2.48511      0.84487      0.87504      1.41811      0.73690     -0.20412      0.04012      1.36083
     -2.60397      0.65274      0.90628      1.43733      0.74650     -0.20862      0.04520      1.39082
     -2.69181      0.44460      0.93752      1.45131      0.75414     -0.21180      0.04900      1.41203
     -2.74577      0.22522      0.96876      1.45938      0.75686     -0.21396      0.05136      1.42639
     -2.76389      0.00000      1.00000      1.46238      0.75946     -0.21442      0.05216      1.42950
     -2.74577     -0.22522      1.03124      1.45938      0.75686     -0.21396      0.05136      1.42639
     -2.69181     -0.44460      1.06248      1.45131      0.75414     -0.21180      0.04900      1.41203
     -2.60397     -0.65274      1.09372      1.43733      0.74650     -0.20862      0.04520      1.39082
     -2.48511     -0.84487      1.12496      1.41811      0.73690     -0.20412      0.04012      1.36083
     -2.33898     -1.01715      1.15620      1.39395      0.72463     -0.19823      0.03401      1.32152
     -2.16985     -1.16692      1.18744      1.36536      0.70996     -0.19089      0.02713      1.27259
     -1.98224     -1.29279      1.21867      1.33300      0.69324     -0.18212      0.01977      1.21411
     -1.78059     -1.39469      1.24992      1.29779      0.67498     -0.17200      0.01222      1.14669
     -1.56892     -1.47375      1.28116      1.26088      0.65588     -0.16076      0.00476      1.07173
     -1.35061     -1.53218      1.31241      1.22367      0.63679     -0.14875     -0.00236      0.99165
     -1.12829     -1.57296      1.34366      1.18777      0.61866     -0.13650     -0.00890      0.91000
     -0.90379     -1.59955      1.37492      1.15494      0.60243     -0.12472     -0.01465      0.83144
     -0.67825     -1.61550      1.40619      1.12698      0.58898     -0.11423     -0.01941      0.76152
     -0.45228     -1.62414      1.43746      1.10559      0.57895     -0.10591     -0.02298      0.70606
     -0.22616     -1.62815      1.46873      1.09215      0.57285     -0.10055     -0.02521      0.67030
      0.00000     -1.62928      1.50000      1.08751      0.57067     -0.09872     -0.02596      0.65816
      0.22616     -1.62815      1.53127      1.09215      0.57285     -0.10055     -0.02521      0.67030
      0.45228     -1.62414      1.56254      1.10559      0.57895     -0.10591     -0.02298      0.70606
      0.67825     -1.61550      1.59381      1.12698      0.58898     -0.11423     -0.01941      0.76152
      0.90379     -1.59955      1.62508      1.15494      0.60243     -0.12472     -0.01465      0.83144
      1.12829     -1.57296      1.65634      1.18777      0.61866     -0.13650     -0.00890      0.91000
      1.35061     -1.53218      1.68759      1.22367      0.63679     -0.14875     -0.00236      0.99165
      1.56892     -1.47375      1.71884      1.26088      0.65588     -0.16076      0.00476      1.07173
      1.78059     -1.39469      1.75008      1.29779      0.67498     -0.17200      0.01222      1.14669
      1.98224     -1.29279      1.78133      1.33300      0.69324     -0.18212      0.01977      1.21411
      2.16985     -1.16692      1.81256      1.36536      0.70996     -0.19089      0.02713      1.27259
      2.33898     -1.01715      1.84380      1.39395      0.72463     -0.19823      0.03401      1.32152
      2.48511     -0.84487      1.87504      1.41811      0.73690     -0.20412      0.04012      1.36083
      2.60397     -0.65274      1.90628      1.43733      0.74650     -0.20862      0.04520      1.39082
      2.69181     -0.44460      1.93752      1.45131      0.75414     -0.21180      0.04900      1.41203
      2.74577     -0.22522      1.96876      1.45938      0.75686     -0.21396      0.05136      1.42639
      2.76389      0.00000      2.00000      1.46238      0.75946     -0.21442      0.05216      1.42950
 >>>>       3           64
     12.85760      8.05901
      3.20667      0.00000      0.00000      1.50522      0.76069     -0.21610      0.08680      1.44067
      3.18403      0.25075      0.03124      1.50198      0.75832     -0.21589      0.08553      1.43924
      3.11667      0.49328      0.06247      1.49315      0.75600     -0.21428      0.08174      1.42856
      3.00731      0.71999      0.09371      1.47754      0.74810     -0.21209      0.07559      1.41395
      2.86000      0.92405      0.12494      1.45569      0.73807     -0.20879      0.06734      1.39195
      2.68004      1.09996      0.15616      1.42754      0.72455     -0.20409      0.05730      1.36063
      2.47362      1.24387      0.18739      1.39321      0.70749     -0.19770      0.04588      1.31800
      2.24732      1.35387      0.21861      1.35307      0.68686     -0.18934      0.03354      1.26224
      2.00753      1.43016      0.24983      1.30782      0.66296     -0.17880      0.02077      1.19203
      1.75986      1.47504      0.28106      1.25860      0.63649     -0.16606      0.00801      1.10704
      1.50870      1.49270      0.31231      1.20710      0.60863     -0.15128     -0.00433      1.00854
      1.25682      1.48892      0.34357      1.15556      0.58104     -0.13501     -0.01591      0.90005
      1.00547      1.47061      0.37484      1.10679      0.55568     -0.11818     -0.02642      0.78788
      0.75462      1.44531      0.40612      1.06399      0.53447     -0.10220     -0.03547      0.68134
      0.50368      1.42045      0.43741      1.03040      0.51881     -0.08882     -0.04258      0.59210
      0.25212      1.40252      0.46871      1.00893      0.50958     -0.07983     -0.04719      0.53223
      0.00000      1.39601      0.50000      1.00142      0.50621     -0.07674     -0.04879      0.51162
     -0.25212      1.40252      0.53129      1.00893      0.50958     -0.07983     -0.04719      0.53223
     -0.50368      1.42045      0.56259      1.03040      0.51881     -0.08882     -0.04258      0.59210
     -0.75462      1.44531      0.59388      1.06399      0.53447     -0.10220     -0.03547      0.68134
     -1.00547      1.47061      0.62516      1.10679      0.55568     -0.11818     -0.02642      0.78788
     -1.25682      1.48892      0.65643      1.15556      0.58104     -0.13501     -0.01591      0.90005
     -1.50870      1.49270      0.68769      1.20710      0.60863     -0.15128     -0.00433      1.00854
     -1.75986      1.47504      0.71894      1.25860      0.63649     -0.16606      0.00801      1.10704
     -2.00753      1.43016      0.75017      1.30782      0.66296     -0.17880      0.02077      1.19203
     -2.24732      1.35387      0.78139      1.35307      0.68686     -0.18934      0.03354      1.26224
     -2.47362      1.24387      0.81261      1.39321      0.70749     -0.19770      0.04588      1.31800
     -2.68004      1.09996      0.84384      1.42754      0.72455     -0.20409      0.05730      1.36063
     -2.86000      0.92405      0.87506      1.45569      0.73807     -0.20879      0.06734      1.39195
     -3.00731      0.71999      0.90629      1.47754      0.74810     -0.21209      0.07559      1.41395
     -3.11667      0.49328      0.93753      1.49315      0.75600     -0.21428      0.08174      1.42856
     -3.18403      0.25075      0.96876      1.50198      0.75832     -0.21589      0.08553      1.43924
     -3.20667      0.00000      1.00000      1.50522      0.76069     -0.21610      0.08680      1.44067
     -3.18403     -0.25075      1.03124      1.50198      0.75832     -0.21589      0.08553      1.43924
     -3.11667     -0.49328      1.06247      1.49315      0.75600     -0.21428      0.08174      1.42856
     -3.00731     -0.71999      1.09371      1.47754      0.74810     -0.21209      0.07559      1.41395
     -2.86000     -0.92405      1.12494      1.45569      0.73807     -0.20879      0.06734      1.39195
     -2.68004     -1.09996      1.15616      1.42754      0.72455     -0.20409      0.05730      1.36063
     -2.47362     -1.24387      1.18739      1.39321      0.70749     -0.19770      0.04588      1.31800
     -2.24732     -1.35387      1.21861      1.35307      0.68686     -0.18934      0.03354      1.26224
     -2.00753     -1.43016      1.24983      1.30782      0.66296     -0.17880      0.02077      1.19203
     -1.75986     -1.47504      1.28106      1.25860      0.63649     -0.16606      0.00801      1.10704
     -1.50870     -1.49270      1.31231      1.20710      0.60863     -0.15128     -0.00433      1.00854
     -1.25682     -1.48892      1.34357      1.15556      0.58104     -0.13501     -0.01591      0.90005
     -1.00547     -1.47061      1.37484      1.10679      0.55568     -0.11818     -0.02642      0.78788
     -0.75462     -1.44531      1.40612      1.06399      0.53447     -0.10220     -0.03547      0.68134
     -0.50368     -1.42045      1.43741      1.03040      0.51881     -0.08882     -0.04258      0.59210
     -0.25212     -1.40252      1.46871      1.00893      0.50958     -0.07983     -0.04719      0.53223
      0.00000     -1.39601      1.50000      1.00142      0.50621     -0.07674     -0.04879      0.51162
      0.25212     -1.40252      1.53129      1.00893      0.50958     -0.07983     -0.04719      0.53223
      0.50368     -1.42045      1.56259      1.03040      0.51881     -0.08882     -0.04258      0.59210
      0.75462     -1.44531      1.59388      1.06399      0.53447     -0.10220     -0.03547      0.68134
      1.00547     -1.47061      1.62516      1.10679      0.55568     -0.11818     -0.02642      0.78788
      1.25682     -1.48892      1.65643      1.15556      0.58104     -0.13501     -0.01591      0.90005
      1.50870     -1.49270      1.68769      1.20710      0.60863     -0.15128     -0.00433      1.00854
      1.75986     -1.47504      1.71894      1.25860      0.63649     -0.16606      0.00801      1.10704
      2.00753     -1.43016      1.75017      1.30782      0.66296     -0.17880      0.02077      1.19203
      2.24732     -1.35387      1.78139      1.35307      0.68686     -0.18934      0.03354      1.26224
      2.47362     -1.24387      1.81261      1.39321      0.70749     -0.19770      0.04588      1.31800
      2.68004     -1.09996      1.84384      1.42754      0.72455     -0.20409      0.05730      1.36063
      2.86000     -0.92405      1.87506      1.45569      0.73807     -0.20879      0.06734      1.39195
      3.00731     -0.71999      1.90629      1.47754      0.74810     -0.21209      0.07559      1.41395
      3.11667     -0.49328      1.93753      1.49315      0.75600     -0.21428      0.08174      1.42856
      3.18403     -0.25075      1.96876      1.50198      0.75832     -0.21589      0.08553      1.43924
      3.20667      0.00000      2.00000      1.50522      0.76069     -0.21610      0.08680      1.44067
 >>>>       4           64
     19.25760      9.51364
      3.82674      0.00000      0.00000      1.46746      0.73240     -0.20095      0.09968      1.33967
      3.79745      0.29570      0.03123      1.46477      0.73056     -0.20117      0.09815      1.34113
      3.71032      0.57971      0.06246      1.45758      0.72965     -0.20055      0.09356      1.33697
      3.56913      0.84107      0.09368      1.44416      0.72305     -0.20016      0.08610      1.33442
      3.37952      1.06966      0.12490      1.42480      0.71474     -0.19921      0.07599      1.32808
      3.14916      1.25700      0.15611      1.39878      0.70251     -0.19718      0.06359      1.31454
      2.88735      1.39688      0.18731      1.36557      0.68571     -0.19350      0.04945      1.29003
      2.60428      1.48601      0.21851      1.32491      0.66365     -0.18761      0.03423      1.25074
      2.31002      1.52447      0.24970      1.27701      0.63602     -0.17900      0.01867      1.19336
      2.01328      1.51588      0.28090      1.22280      0.60313     -0.16738      0.00345      1.11589
      1.72021      1.46714      0.31213      1.16405      0.56614     -0.15278     -0.01092      1.01855
      1.43352      1.38795      0.34340      1.10356      0.52721     -0.13572     -0.02422      0.90478
      1.15221      1.29034      0.37470      1.04510      0.48941     -0.11731     -0.03647      0.78210
      0.87221      1.18832      0.40602      0.99326      0.45666     -0.09937     -0.04770      0.66244
      0.58829      1.09751      0.43735      0.95276      0.43285     -0.08414     -0.05751      0.56096
      0.29710      1.03403      0.46868      0.92737      0.42052     -0.07392     -0.06462      0.49283
      0.00000      1.01113      0.50000      0.91848      0.41618     -0.07054     -0.06727      0.47024
     -0.29710      1.03403      0.53132      0.92737      0.42052     -0.07392     -0.06462      0.49283
     -0.58829      1.09751      0.56265      0.95276      0.43285     -0.08414     -0.05751      0.56096
     -0.87221      1.18832      0.59398      0.99326      0.45666     -0.09937     -0.04770      0.66244
     -1.15221      1.29034      0.62530      1.04510      0.48941     -0.11731     -0.03647      0.78210
     -1.43352      1.38795      0.65660      1.10356      0.52721     -0.13572     -0.02422      0.90478
     -1.72021      1.46714      0.68787      1.16405      0.56614     -0.15278     -0.01092      1.01855
     -2.01328      1.51588      0.71910      1.22280      0.60313     -0.16738      0.00345      1.11589
     -2.31002      1.52447      0.75030      1.27701      0.63602     -0.17900      0.01867      1.19336
     -2.60428      1.48601      0.78149      1.32491      0.66365     -0.18761      0.03423      1.25074
     -2.88735      1.39688      0.81269      1.36557      0.68571     -0.19350      0.04945      1.29003
     -3.14916      1.25700      0.84389      1.39878      0.70251     -0.19718      0.06359      1.31454
     -3.37952      1.06966      0.87510      1.42480      0.71474     -0.19921      0.07599      1.32808
     -3.56913      0.84107      0.90632      1.44416      0.72305     -0.20016      0.08610      1.33442
     -3.71032      0.57971      0.93754      1.45758      0.72965     -0.20055      0.09356      1.33697
     -3.79745      0.29570      0.96877      1.46477      0.73056     -0.20117      0.09815      1.34113
     -3.82674      0.00000      1.00000      1.46746      0.73240     -0.20095      0.09968      1.33967
     -3.79745     -0.29570      1.03123      1.46477      0.73056     -0.20117      0.09815      1.34113
     -3.71032     -0.57971      1.06246      1.45758      0.72965     -0.20055      0.09356      1.33697
     -3.56913     -0.84107      1.09368      1.44416      0.72305     -0.20016      0.08610      1.33442
     -3.37952     -1.06966      1.12490      1.42480      0.71474     -0.19921      0.07599      1.32808
     -3.14916     -1.25700      1.15611      1.39878      0.70251     -0.19718      0.06359      1.31454
     -2.88735     -1.39688      1.18731      1.36557      0.68571     -0.19350      0.04945      1.29003
     -2.60428     -1.48601      1.21851      1.32491      0.66365     -0.18761      0.03423      1.25074
     -2.31002     -1.52447      1.24970      1.27701      0.63602     -0.17900      0.01867      1.19336
     -2.01328     -1.51588      1.28090      1.22280      0.60313     -0.16738      0.00345      1.11589
     -1.72021     -1.46714      1.31213      1.16405      0.56614     -0.15278     -0.01092      1.01855
     -1.43352     -1.38795      1.34340      1.10356      0.52721     -0.13572     -0.02422      0.90478
     -1.15221     -1.29034      1.37470      1.04510      0.48941     -0.11731     -0.03647      0.78210
     -0.87221     -1.18832      1.40602      0.99326      0.45666     -0.09937     -0.04770      0.66244
     -0.58829     -1.09751      1.43735      0.95276      0.43285     -0.08414     -0.05751      0.56096
     -0.29710     -1.03403      1.46868      0.92737      0.42052     -0.07392     -0.06462      0.49283
      0.00000     -1.01113      1.50000      0.91848      0.41618     -0.07054     -0.06727      0.47024
      0.29710     -1.03403      1.53132      0.92737      0.42052     -0.07392     -0.06462      0.49283
      0.58829     -1.09751      1.56265      0.95276      0.43285     -0.08414     -0.05751      0.56096
      0.87221     -1.18832      1.59398      0.99326      0.45666     -0.09937     -0.04770      0.66244
      1.15221     -1.29034      1.62530      1.04510      0.48941     -0.11731     -0.03647      0.78210
      1.43352     -1.38795      1.65660      1.10356      0.52721     -0.13572     -0.02422      0.90478
      1.72021     -1.46714      1.68787      1.16405      0.56614     -0.15278     -0.01092      1.01855
      2.01328     -1.51588      1.71910      1.22280      0.60313     -0.16738      0.00345      1.11589
      2.31002     -1.52447      1.75030      1.27701      0.63602     -0.17900      0.01867      1.19336
      2.60428     -1.48601      1.78149      1.32491      0.66365     -0.18761      0.03423      1.25074
      2.88735     -1.39688      1.81269      1.36557      0.68571     -0.19350      0.04945      1.29003
      3.14916     -1.25700      1.84389      1.39878      0.70251     -0.19718      0.06359      1.31454
      3.37952     -1.06966      1.87510      1.42480      0.71474     -0.19921      0.07599      1.32808
      3.56913     -0.84107      1.90632      1.44416      0.72305     -0.20016      0.08610      1.33442
      3.71032     -0.57971      1.93754      1.45758      0.72965     -0.20055      0.09356      1.33697
      3.79745     -0.29570      1.96877      1.46477      0.73056     -0.20117      0.09815      1.34113
      3.82674      0.00000      2.00000      1.46746      0.73240     -0.20095      0.09968      1.33967
 >>>>       5           64
     25.65760     11.06999
      4.41155      0.00000      0.00000      1.39669      0.70355     -0.18783      0.08143      1.25223
      4.37456      0.34375      0.03123      1.39436      0.70177     -0.18829      0.07978      1.25528
      4.26456      0.67139      0.06245      1.38835      0.70168     -0.18805      0.07486      1.25364
      4.08697      0.96790      0.09367      1.37637      0.69524     -0.18848      0.06690      1.25656
      3.84987      1.21924      0.12489      1.35866      0.68725     -0.18845      0.05625      1.25630
      3.56447      1.41375      0.15609      1.33410      0.67477     -0.18720      0.04350      1.24798
      3.24449      1.54329      0.18727      1.30199      0.65695     -0.18401      0.02949      1.22675
      2.90491      1.60438      0.21844      1.26222      0.63308     -0.17829      0.01527      1.18862
      2.55998      1.59878      0.24960      1.21554      0.60307     -0.16976      0.00190      1.13170
      2.22110      1.53328      0.28078      1.16386      0.56776     -0.15863     -0.00973      1.05754
      1.89508      1.41865      0.31200      1.11026      0.52880     -0.14586     -0.01919      0.97238
      1.58314      1.26836      0.34328      1.05893      0.48831     -0.13321     -0.02660      0.88807
      1.28115      1.09763      0.37462      1.01470      0.44792     -0.12327     -0.03267      0.82180
      0.98071      0.92347      0.40599      0.98250      0.40833     -0.11900     -0.03858      0.79332
      0.67126      0.76608      0.43735      0.96663      0.37355     -0.12240     -0.04538      0.81602
      0.34402      0.65117      0.46868      0.96757      0.36014     -0.13135     -0.05241      0.87569
      0.00000      0.60794      0.50000      0.97146      0.36085     -0.13715     -0.05578      0.91431
     -0.34402      0.65117      0.53132      0.96757      0.36014     -0.13135     -0.05241      0.87569
     -0.67126      0.76608      0.56265      0.96663      0.37355     -0.12240     -0.04538      0.81602
     -0.98071      0.92347      0.59401      0.98250      0.40833     -0.11900     -0.03858      0.79332
     -1.28115      1.09763      0.62538      1.01470      0.44792     -0.12327     -0.03267      0.82180
     -1.58314      1.26836      0.65672      1.05893      0.48831     -0.13321     -0.02660      0.88807
     -1.89508      1.41865      0.68800      1.11026      0.52880     -0.14586     -0.01919      0.97238
     -2.22110      1.53328      0.71922      1.16386      0.56776     -0.15863     -0.00973      1.05754
     -2.55998      1.59878      0.75040      1.21554      0.60307     -0.16976      0.00190      1.13170
     -2.90491      1.60438      0.78156      1.26222      0.63308     -0.17829      0.01527      1.18862
     -3.24449      1.54329      0.81273      1.30199      0.65695     -0.18401      0.02949      1.22675
     -3.56447      1.41375      0.84391      1.33410      0.67477     -0.18720      0.04350      1.24798
     -3.84987      1.21924      0.87511      1.35866      0.68725     -0.18845      0.05625      1.25630
     -4.08697      0.96790      0.90633      1.37637      0.69524     -0.18848      0.06690      1.25656
     -4.26456      0.67139      0.93755      1.38835      0.70168     -0.18805      0.07486      1.25364
     -4.37456      0.34375      0.96877      1.39436      0.70177     -0.18829      0.07978      1.25528
     -4.41155      0.00000      1.00000      1.39669      0.70355     -0.18783      0.08143      1.25223
     -4.37456     -0.34375      1.03123      1.39436      0.70177     -0.18829      0.07978      1.25528
     -4.26456     -0.67139      1.06245      1.38835      0.70168     -0.18805      0.07486      1.25364
     -4.08697     -0.96790      1.09367      1.37637      0.69524     -0.18848      0.06690      1.25656
     -3.84987     -1.21924      1.12489      1.35866      0.68725     -0.18845      0.05625      1.25630
     -3.56447     -1.41375      1.15609      1.33410      0.67477     -0.18720      0.04350      1.24798
     -3.24449     -1.54329      1.18727      1.30199      0.65695     -0.18401      0.02949      1.22675
     -2.90491     -1.60438      1.21844      1.26222      0.63308     -0.17829      0.01527      1.18862
     -2.55998     -1.59878      1.24960      1.21554      0.60307     -0.16976      0.00190      1.13170
     -2.22110     -1.53328      1.28078      1.16386      0.56776     -0.15863     -0.00973      1.05754
     -1.89508     -1.41865      1.31200      1.11026      0.52880     -0.14586     -0.01919      0.97238
     -1.58314     -1.26836      1.34328      1.05893      0.48831     -0.13321     -0.02660      0.88807
     -1.28115     -1.09763      1.37462      1.01470      0.44792     -0.12327     -0.03267      0.82180
     -0.98071     -0.92347      1.40599      0.98250      0.40833     -0.11900     -0.03858      0.79332
     -0.67126     -0.76608      1.43735      0.96663      0.37355     -0.12240     -0.04538      0.81602
     -0.34402     -0.65117      1.46868      0.96757      0.36014     -0.13135     -0.05241      0.87569
      0.00000     -0.60794      1.50000      0.97146      0.36085     -0.13715     -0.05578      0.91431
      0.34402     -0.65117      1.53132      0.96757      0.36014     -0.13135     -0.05241      0.87569
      0.67126     -0.76608      1.56265      0.96663      0.37355     -0.12240     -0.04538      0.81602
      0.98071     -0.92347      1.59401      0.98250      0.40833     -0.11900     -0.03858      0.79332
      1.28115     -1.09763      1.62538      1.01470      0.44792     -0.12327     -0.03267      0.82180
      1.58314     -1.26836      1.65672      1.05893      0.48831     -0.13321     -0.02660      0.88807
      1.89508     -1.41865      1.68800      1.11026      0.52880     -0.14586     -0.01919      0.97238
      2.22110     -1.53328      1.71922      1.16386      0.56776     -0.15863     -0.00973      1.05754
      2.55998     -1.59878      1.75040      1.21554      0.60307     -0.16976      0.00190      1.13170
      2.90491     -1.60438      1.78156      1.26222      0.63308     -0.17829      0.01527      1.18862
      3.24449     -1.54329      1.81273      1.30199      0.65695     -0.18401      0.02949      1.22675
      3.56447     -1.41375      1.84391      1.33410      0.67477     -0.18720      0.04350      1.24798
      3.84987     -1.21924      1.87511      1.35866      0.68725     -0.18845      0.05625      1.25630
      4.08697     -0.96790      1.90633      1.37637      0.69524     -0.18848      0.06690      1.25656
      4.26456     -0.67139      1.93755      1.38835      0.70168     -0.18805      0.07486      1.25364
      4.37456     -0.34375      1.96877      1.39436      0.70177     -0.18829      0.07978      1.25528
      4.41155      0.00000      2.00000      1.39669      0.70355     -0.18783      0.08143      1.25223
 >>>>       6           64
     31.59330     12.45923
      4.84824      0.00000      0.00000      1.36738      0.69387     -0.18633      0.06636      1.24219
      4.80135      0.38856      0.03141      1.36444      0.69194     -0.18662      0.06474      1.24415
      4.66244      0.75429      0.06281      1.35654      0.69109     -0.18587      0.05855      1.23914
      4.44030      1.07636      0.09422      1.34099      0.68207     -0.18558      0.04895      1.23718
      4.14798      1.33622      0.12561      1.31839      0.67075     -0.18413      0.03671      1.22753
      3.80299      1.52008      0.15698      1.28791      0.65379     -0.18061      0.02302      1.20408
      3.42553      1.62083      0.18834      1.24983      0.63095     -0.17438      0.00944      1.16255
      3.03546      1.63915      0.21968      1.20573      0.60264     -0.16537     -0.00241      1.10249
      2.64900      1.58304      0.25103      1.15884      0.57045     -0.15440     -0.01116      1.02931
      2.27613      1.46571      0.28240      1.11393      0.53682     -0.14339     -0.01598      0.95593
      1.92005      1.30271      0.31383      1.07690      0.50423     -0.13556     -0.01671      0.90374
      1.57851      1.10920      0.34534      1.05386      0.47368     -0.13538     -0.01394      0.90256
      1.24658      0.89810      0.37691      1.04993      0.44483     -0.14870     -0.00950      0.99134
      0.91930      0.67918      0.40851      1.06835      0.38950     -0.18454      0.00915      1.23027
      0.59303      0.45950      0.44008      1.12623      0.56118     -0.26705     -0.13677      1.78035
      0.26572      0.24515      0.47149      1.03380     -0.21980     -0.54369      3.98375      3.62461
      0.00000      0.00934      0.50000      1.74280      3.02173    -15.05195    -59.02017    100.34635
     -0.26572      0.24515      0.52851      1.03380     -0.21980     -0.54369      3.98375      3.62461
     -0.59303      0.45950      0.55992      1.12623      0.56118     -0.26705     -0.13677      1.78035
     -0.91930      0.67918      0.59149      1.06835      0.38950     -0.18454      0.00915      1.23027
     -1.24658      0.89810      0.62309      1.04993      0.44483     -0.14870     -0.00950      0.99134
     -1.57851      1.10920      0.65466      1.05386      0.47368     -0.13538     -0.01394      0.90256
     -1.92005      1.30271      0.68617      1.07690      0.50423     -0.13556     -0.01671      0.90374
     -2.27613      1.46571      0.71760      1.11393      0.53682     -0.14339     -0.01598      0.95593
     -2.64900      1.58304      0.74897      1.15884      0.57045     -0.15440     -0.01116      1.02931
     -3.03546      1.63915      0.78032      1.20573      0.60264     -0.16537     -0.00241      1.10249
     -3.42553      1.62083      0.81166      1.24983      0.63095     -0.17438      0.00944      1.16255
     -3.80299      1.52008      0.84302      1.28791      0.65379     -0.18061      0.02302      1.20408
     -4.14798      1.33622      0.87439      1.31839      0.67075     -0.18413      0.03671      1.22753
     -4.44030      1.07636      0.90578      1.34099      0.68207     -0.18558      0.04895      1.23718
     -4.66244      0.75429      0.93719      1.35654      0.69109     -0.18587      0.05855      1.23914
     -4.80135      0.38856      0.96859      1.36444      0.69194     -0.18662      0.06474      1.24415
     -4.84824      0.00000      1.00000      1.36738      0.69387     -0.18633      0.06636      1.24219
     -4.80135     -0.38856      1.03141      1.36444      0.69194     -0.18662      0.06474      1.24415
     -4.66244     -0.75429      1.06281      1.35654      0.69109     -0.18587      0.05855      1.23914
     -4.44030     -1.07636      1.09422      1.34099      0.68207     -0.18558      0.04895      1.23718
     -4.14798     -1.33622      1.12561      1.31839      0.67075     -0.18413      0.03671      1.22753
     -3.80299     -1.52008      1.15698      1.28791      0.65379     -0.18061      0.02302      1.20408
     -3.42553     -1.62083      1.18834      1.24983      0.63095     -0.17438      0.00944      1.16255
     -3.03546     -1.63915      1.21968      1.20573      0.60264     -0.16537     -0.00241      1.10249
     -2.64900     -1.58304      1.25103      1.15884      0.57045     -0.15440     -0.01116      1.02931
     -2.27613     -1.46571      1.28240      1.11393      0.53682     -0.14339     -0.01598      0.95593
     -1.92005     -1.30271      1.31383      1.07690      0.50423     -0.13556     -0.01671      0.90374
     -1.57851     -1.10920      1.34534      1.05386      0.47368     -0.13538     -0.01394      0.90256
     -1.24658     -0.89810      1.37691      1.04993      0.44483     -0.14870     -0.00950      0.99134
     -0.91930     -0.67918      1.40851      1.06835      0.38950     -0.18454      0.00915      1.23027
     -0.59303     -0.45950      1.44008      1.12623      0.56118     -0.26705     -0.13677      1.78035
     -0.26572     -0.24515      1.47149      1.03380     -0.21980     -0.54369      3.98375      3.62461
      0.00000     -0.00934      1.50000      1.74280      3.02173    -15.05195    -59.02017    100.34635
      0.26572     -0.24515      1.52851      1.03380     -0.21980     -0.54369      3.98375      3.62461
      0.59303     -0.45950      1.55992      1.12623      0.56118     -0.26705     -0.13677      1.78035
      0.91930     -0.67918      1.59149      1.06835      0.38950     -0.18454      0.00915      1.23027
      1.24658     -0.89810      1.62309      1.04993      0.44483     -0.14870     -0.00950      0.99134
      1.57851     -1.10920      1.65466      1.05386      0.47368     -0.13538     -0.01394      0.90256
      1.92005     -1.30271      1.68617      1.07690      0.50423     -0.13556     -0.01671      0.90374
      2.27613     -1.46571      1.71760      1.11393      0.53682     -0.14339     -0.01598      0.95593
      2.64900     -1.58304      1.74897      1.15884      0.57045     -0.15440     -0.01116      1.02931
      3.03546     -1.63915      1.78032      1.20573      0.60264     -0.16537     -0.00241      1.10249
      3.42553     -1.62083      1.81166      1.24983      0.63095     -0.17438      0.00944      1.16255
      3.80299     -1.52008      1.84302      1.28791      0.65379     -0.18061      0.02302      1.20408
      4.14798     -1.33622      1.87439      1.31839      0.67075     -0.18413      0.03671      1.22753
      4.44030     -1.07636      1.90578      1.34099      0.68207     -0.18558      0.04895      1.23718
      4.66244     -0.75429      1.93719      1.35654      0.69109     -0.18587      0.05855      1.23914
      4.80135     -0.38856      1.96859      1.36444      0.69194     -0.18662      0.06474      1.24415
      4.84824      0.00000      2.00000      1.36738      0.69387     -0.18633      0.06636      1.24219
 >>>>       0            0
